1 0.5176096000741363 0.18590658545522432 0.11277527599380456 0.039121955548281385
1 0.7005079643461434 0.18478881529670257 0.04192926927974804 0.023473173328968856
1 0.7742456448036329 0.1859065854552251 0.04482094302317932 0.021237633011924294
1 0.37736342351773705 0.2322940470339018 0.086750212302928 0.01564878221931263
1 0.49664496543426223 0.23229404703390125 0.09976274414836678 0.017884322536356946
1 0.7099059040122946 0.23173516195464064 0.07229184358577356 0.019002092694879593
1 0.597130628018488 0.2859470146429737 0.04337510615146407 0.024590943487491294
1 0.3130236827263987 0.24626617401543094 0.07373768045748882 0.014531012060790296
1 0.3831467710045989 0.3122146133682484 0.0404834324080332 0.019002092694879666
0 0.4113405900030505 0.44299372191536107 0.1373545028129695 0.04806411681646011
0 0.6621932872456817 0.44299372191536035 0.12723364471096066 0.04582857649941427
0 0.5121154199616188 0.6157450999149874 0.23220140159750408 0.0418046039287352
0 0.2560577099808094 0.6163598735021748 0.10496775688654296 0.02582049066186599
1 0.4970064246521922 0.5186108731393969 0.07156892514991581 0.02459094348749126
