0 0.2972292132433281 0.20372738672715543 0.18114398403670642 0.04770202225806561
0 0.5166430530624373 0.19975221820564998 0.10460427247190082 0.0397516852150547
0 0.6799277710673557 0.2012429064012145 0.11991221478486189 0.03875789308467837
1 0.42607106104408404 0.1644725975772889 0.08674500644011296 0.022857218998656493
1 0.2634241739688723 0.16248501331653611 0.10843125805014114 0.024844803259409184
1 0.5702208511578012 0.1426091707090088 0.09950162503424721 0.022857218998656476
1 0.6767386164188222 0.1426091707090088 0.049750812517123676 0.016894466216398226
1 0.2914887348759677 0.26236112241936105 0.14925243755137083 0.02583859538978558
1 0.6665333215435147 0.24198838374664558 0.06250743111125785 0.02285721899865642
1 0.20665722122497493 0.24248527981183376 0.05868044553301757 0.021863426868280057
1 0.6008367357837233 0.26484560274530206 0.07653971156480545 0.01888205047715104
1 0.7143706412715182 0.2638518106149257 0.08929633015893984 0.016894466216398278
1 0.723938105217119 0.28273386109207665 0.07781537342421899 0.02086963473790373
1 0.5880801171895891 0.30211280763441584 0.15563074684843797 0.025838595389785616
1 0.5976475811351898 0.35776516693549243 0.11098258176896798 0.02782617965053838
1 0.3782337413160806 0.36074654332662165 0.17476567473963928 0.03975168521505473
1 0.2238786563270561 0.283727653222453 0.07526404970539208 0.016894466216398243
1 0.24684056979649782 0.32298244237231954 0.05740478367360417 0.017888258346774606
1 0.5944584264866559 0.326957610893825 0.08674500644011296 0.023851011129032783
0 0.47135705705326075 0.4968960651881838 0.27936994721154024 0.061615112083334866
0 0.4758218735612077 0.5749087474227289 0.22451648725676285 0.05465856717070032
0 0.47454621170179423 0.718511710262114 0.45413562195117946 0.06161511208333479
1 0.45222212916205934 0.6186356011592891 0.0344428702041624 0.022857218998656493
0 0.47454621170179423 0.7985119767574116 0.31126149369687584 0.0586337356922057
1 0.6544145338790872 0.8432326226243481 0.03571853206357588 0.024844803259409076
1 0.30615884625922213 0.8824874117742146 0.02296191346944159 0.01590067408602195
1 0.40247131664493563 0.8804998275134619 0.021686251610028292 0.01590067408602195
1 0.24301358421825753 0.8636053612970638 0.021686251610028223 0.015900674086022092
