0 0.4654351448781828 0.158924609279196 0.17427252000005022 0.06652658062850066
0 0.46809173817086647 0.26692763832423105 0.21784065000006272 0.06242000157735863
1 0.2677846039025162 0.3133319816021358 0.06588351365855555 0.025460790117080485
1 0.46580706793915844 0.333765680009771 0.16715284997565788 0.021682737390029915
1 0.39917970815865145 0.3531897989216728 0.1110455996341782 0.022586184781281063
1 0.7352387596831386 0.3531897989216728 0.05610725034147961 0.0171655004337736
0 0.4658070679391585 0.5004517236956255 0.23261130870738397 0.024393079563783643
0 0.4745738258050147 0.6129309239064054 0.2010509803903019 0.05420684347507475
1 0.4897695394391654 0.5402034089106802 0.14961933424394544 0.022586184781281205
1 0.7475122206953371 0.5388482378238034 0.16247724578053466 0.023489632172532283
1 0.7597856817075359 0.559627527822582 0.15897054263419222 0.021682737390029915
1 0.5137320109391723 0.5605309752138332 0.1437748290000414 0.019875842607527405
1 0.38749069767084326 0.558272356735705 0.09468098495124679 0.022586184781281063
1 0.7118607387075221 0.6567481223820906 0.07013406292684934 0.02258618478128099
1 0.3787239398049871 0.6571998460777162 0.05143164614635623 0.021682737390029842
1 0.23144240765860316 0.5402034089106802 0.165983948926877 0.024393079563783573
