0 0.47501280970562476 0.02819237147595357 0.2541032379630089 0.05306799336650084
0 0.47615741888563834 0.18407960199004975 0.27012776648319864 0.06301824212271974
0 0.4795912464256789 0.7661691542288557 0.22205418092262932 0.05638474295190719
1 0.6020644286871287 0.35240464344941963 0.07783342424092184 0.02819237147595353
1 0.6213285730814367 0.4021558872305138 0.08889109270921124 0.02487562189054721
1 0.8654673435019233 0.6213160045416024 0.08550955714406157 0.024907450544104773
1 0.1968727789623314 0.44941956882255385 0.06409811408075872 0.016583747927031416
1 0.5444000727528782 0.47346600331674843 0.16853436477485836 0.02487562189054797
1 0.3360921753874975 0.5958228697020908 0.07256734499394805 0.03121627891365788
1 0.21176477330357485 0.568383290675627 0.07760713346165454 0.02578597698721346
1 0.2821527618365492 0.4994851398647927 0.08954974305139798 0.0205944054082635
1 0.6574088279566945 0.5241984263547105 0.07817834710836372 0.020594405408263163
1 0.7498014199938526 0.670933564888591 0.21179224943902117 0.029861887841981113
1 0.3375883170588434 0.8599580432238058 0.25159213523964336 0.024713286489916584
1 0.2892598843009461 0.9752867135100836 0.06396410217957 0.016475524326610994
0 0.4804414785932177 0.9258601405302507 0.332613331333764 0.05766433514313711
