1 0.23098419588482813 0.09101595151254699 0.08050387524136099 0.022753987878136758
0 0.3814645165282952 0.14440030768817552 0.15853070816760317 0.05600981631541355
0 0.5814856834741383 0.143087577618283 0.1325217638588556 0.03413098181720514
1 0.15357662353736562 0.19428405034409071 0.06688014250820759 0.024504294637993453
1 0.2433694074604221 0.2135374247025141 0.18453965247635062 0.021003681118280076
1 0.1647233139554002 0.2327907990609375 0.06440310019308881 0.0175030675985667
1 0.5672426901622053 0.2979897258655986 0.061926057877970064 0.02012852773835174
1 0.48735807549962396 0.3395595114121946 0.06564162135064834 0.01750306759856663
1 0.7870801956289988 0.33999708810215873 0.0829809175564796 0.023629141258065117
1 0.611210191255564 0.4253245426451715 0.08050387524136092 0.022753987878136712
1 0.24894275266943944 0.4463282237634516 0.08669648102915804 0.019253374358423444
1 0.5232751890688465 0.4472033771433799 0.07059570598088584 0.021003681118280115
1 0.7821261109987612 0.4480785305233082 0.1548151446949251 0.022753987878136712
1 0.40995050315216147 0.46776948157169584 0.11146690418034588 0.021878834498208377
1 0.6013020219950888 0.46689432819176746 0.09536612913207378 0.020128527738351706
1 0.8353825207738155 0.46689432819176746 0.11270542533790533 0.020128527738351706
1 0.13747584848909342 0.48702285593011924 0.11642098881058359 0.025379448017921788
1 0.25761240077235525 0.5075889603584351 0.0941276079745144 0.022753987878136712
0 0.47806916681792844 0.5684121202634543 0.6341228326704128 0.04288251561648849
1 0.5598115632168488 0.6318607403082585 0.08174239639892049 0.022753987878136782
1 0.28857542971134026 0.7059484643440789 0.10898986186522723 0.019253374358423513
1 0.7771720263685237 0.7068236177240073 0.23408049877872672 0.021003681118280184
1 0.1337602850164152 0.7282648755322515 0.1015587349198708 0.021878834498208308
1 0.8446714294555108 0.7693970843888832 0.09660465028963315 0.021878834498208447
1 0.16843887742807845 0.7886504587473067 0.18330113131879122 0.023629141258065117
1 0.45701430713941865 0.7890880354372708 0.19320930057926644 0.022753987878136855
1 0.8291899149860185 0.789525612127235 0.10279725607743018 0.02012852773835178
1 0.22293380836069202 0.8083414097956941 0.06688014250820756 0.021003681118280184
1 0.5746738171075616 0.8289075142240102 0.19320930057926644 0.021878834498208308
1 0.7907957591016771 0.8280323608440818 0.10279725607743032 0.020128527738351637
1 0.235319019936286 0.8494736186523261 0.08421943871403922 0.0210036811182799
1 0.31458437402008765 0.8892930974390651 0.13871436964665285 0.021878834498208308
1 0.3263503250169019 0.9518665641039413 0.08298091755647985 0.021003681118280042
