0 0.5587756754303631 0.2775134387969226 0.24873399972135288 0.04598506432160878
1 0.7067899217434217 0.17066578934377297 0.06831426752910402 0.01893502648536824
1 0.41601637277338954 0.21462210082766364 0.05780438021693406 0.017582524593556245
1 0.7076657456861025 0.21259334798994559 0.11560876043386813 0.0270500378362404
0 0.3818592390088375 0.3972098562222864 0.1646549012239941 0.06897759648241304
0 0.6095734641058508 0.3972098562222864 0.20319115470195043 0.07168260026603711
1 0.46768998539155787 0.44725242621933115 0.07707250695591206 0.020287528377180307
1 0.24523070395062954 0.4763312168932896 0.08407909849735873 0.01893502648536824
1 0.7251822245397189 0.4634824489210754 0.06305932387301909 0.014877520809932179
0 0.5035987670414714 0.7103140441767691 0.15939995756790928 0.029755041619864357
0 0.5771679782266603 0.779291640659182 0.28551860531394735 0.027050037836240364
1 0.5832987458254261 0.7535941047147537 0.06305932387301909 0.01893502648536824
1 0.7462019991640585 0.7535941047147537 0.07356921118518883 0.01893502648536824
