0 0.1774593991589092 0.4283938857275995 0.12347788423032716 0.06783737141595836
0 0.32238894971738646 0.4288126349338708 0.14963845292319314 0.07034986665358645
0 0.1795522446543385 0.4979062539686433 0.1192921932394686 0.06783737141595843
0 0.3218657383435292 0.4995812507937287 0.15487056666176632 0.06448737776578753
1 0.19210931762691416 0.737012050749583 0.05859967387201969 0.01842496507593921
1 0.1816450901497678 0.7525057713816229 0.07534243783545388 0.015912469838311266
1 0.232919804787785 0.7734432316951902 0.14440633918461998 0.02093746031356744
1 0.39040642831883793 0.8241118856540234 0.080574551574027 0.018424965075939354
1 0.35221199802725367 0.8421181015236914 0.06697105585373674 0.01758746666339661
1 0.6442162657770232 0.08919358093579714 0.0627853648628782 0.01758746666339663
1 0.6442162657770232 0.1360934920381881 0.05859967387201962 0.01758746666339661
1 0.6473555340201671 0.15577470473294147 0.06278536486287827 0.020099961901024734
1 0.6918285007980393 0.1875996444095639 0.05546040562887569 0.015074971425768524
1 0.6478787453940243 0.20183711742278973 0.05127471463801719 0.01507497142576849
1 0.6327056155521622 0.22235582853008581 0.06278536486287827 0.01926246348848206
1 0.6049754127377243 0.2826557142331599 0.10778154301460767 0.03936242538950676
1 0.6829339074424646 0.32536813327283737 0.08371381981717108 0.015912469838311162
1 0.6845035415640368 0.3613805650121733 0.0973173155374613 0.01758746666339661
1 0.8848934977513898 0.360961815805902 0.11092081125775138 0.01674996825085394
1 0.6478787453940243 0.3978117459577806 0.06383178761059291 0.01674996825085387
0 0.6688072003483171 0.5473052125966518 0.23753796373122266 0.08291234284172688
1 0.752521020165488 0.6628799935275438 0.13289568895975903 0.01758746666339661
1 0.657296550123456 0.708523657011121 0.04708902364715854 0.01674996825085401
0 0.650494802263311 0.76421730144521 0.19463463107492238 0.022612457138652786
1 0.7352550448281966 0.8023234792159027 0.14440633918461998 0.016749968250853727
