0 0.2674851485148515 0.2881188118811881 0.11518499218342886 0.09702970297029705
0 0.3788306409588327 0.28910891089108914 0.09726732673267328 0.09108910891089113
0 0.481740388044894 0.29022695657995556 0.09423265075528868 0.08777737277860012
1 0.5077024448856369 0.17938942654596046 0.09615576607682519 0.014877520809932215
1 0.6644363435908616 0.17864555050546385 0.07115526689685069 0.013389768728938982
1 0.31923714337505943 0.21063222024681813 0.05384722900302208 0.011902016647945822
1 0.6327049407855094 0.2961779649039284 0.17692660958135825 0.01636527289092541
1 0.5750114811394144 0.2619596670410843 0.06153969028916812 0.016365272890925483
0 0.5403954053517573 0.557278455118239 0.19231153215365027 0.06546109156370193
1 0.4913559646525764 0.5074387604049662 0.07115526689685055 0.016365272890925483
1 0.5807808271040238 0.5081826364454627 0.07692461286146013 0.01785302497191864
1 0.39327708325421484 0.4918173635545372 0.06346280561070465 0.023804033295891428
1 0.6625132282693252 0.44123379280076763 0.10961757332758068 0.017853024971918714
1 0.699085965919368 0.6247098937194336 0.09314005816781445 0.017551762819772065
1 0.24174439824920133 0.7337155786001239 0.08597543830875196 0.01939931680080079
1 0.6125134759556942 0.7203208122376662 0.07522850852015779 0.018475539810286393
