0 0.607105538140021 0.5998217468805704 0.21427254287294864 0.06238859180035654
0 0.6004095211752413 0.7005347593582889 0.3303368369291291 0.06417112299465245
0 0.537913362837298 0.767379679144385 0.18748847501382998 0.058823529411764636
0 0.6082215409674842 0.15775401069518716 0.23436059376728757 0.03386809269162212
1 0.5883775048393461 0.08806483607127208 0.17638726055141007 0.023142424939816157
1 0.7332670402922901 0.0885679322656159 0.05795581418117763 0.024148617328503822
1 0.49325437504197867 0.2435215601235155 0.1726075335395941 0.01811146299637791
1 0.8050818535167927 0.27722900514455207 0.2167043486774466 0.01911765538506547
1 0.3899418367190099 0.2943342757522423 0.09197335728752094 0.02314242493981613
1 0.8151611255483019 0.22641628951582526 0.07307472222844126 0.018111462996377874
