0 0.5321756858165451 0.16894466216398257 0.711697135653819 0.055652359301076634
0 0.26960160794067467 0.2424852798118338 0.18654897990207825 0.08745370747312041
0 0.4727611134504721 0.41739269475807456 0.6414218350057758 0.059627527822582065
1 0.10349635186348177 0.11478299105847051 0.12777327390553303 0.026832387520161944
1 0.8209432848430497 0.32347933843750776 0.09582995542914972 0.028819971780914635
1 0.6701708216345207 0.3473303495665406 0.12905100664458835 0.022857218998656493
1 0.4261238684749526 0.3473303495665406 0.04983157682315799 0.022857218998656493
1 0.48170524262385955 0.32546692269826044 0.05110930956221331 0.024844803259409184
1 0.16163319149049926 0.4650947170161402 0.12138461021025637 0.027826179650538237
1 0.26129634513681504 0.4665854052117047 0.054942507779379174 0.026832387520161944
1 0.10030202001584343 0.3453427653057879 0.11882914473214569 0.020869634737903767
1 0.6522825632877463 0.4879519360147967 0.12394007568836699 0.023851011129032783
1 0.1971222183177612 0.5821352539799963 0.2581914545809107 0.025252258032863607
1 0.18243468048232014 0.604982535057349 0.2257242656815147 0.02044230412184177
1 0.2025334164676605 0.6242223507014356 0.26592173765219546 0.02284728107735269
1 0.13296086882609776 0.6464683875399104 0.12986875559758382 0.01923981564408642
0 0.4730933239626268 0.787159539437293 0.281382303794765 0.03607465433266213
0 0.5473040414469604 0.8178229956200559 0.13605298205461167 0.03487216585490671
0 0.4723202956554984 0.9362681106789634 0.28911258686604957 0.0625294008432813
1 0.6532089195235616 0.8599100923414951 0.16852017095400768 0.025252258032863607
1 0.5016953713263804 0.8593088481026174 0.0788488873271045 0.028859723466129736
1 0.45763275782005736 0.6789355764393065 0.1236845291405561 0.02645474651061903
1 0.8139988074062845 0.6789355764393065 0.1097700196122436 0.03126470042164058
1 0.5063335411691513 0.5068488933739035 0.14378326512589637 0.020442304121841913
1 0.108996991305115 0.48821032196869474 0.12523058575481294 0.021644792599597337
1 0.36023119112186947 0.08958539159277773 0.04019747197068078 0.025252258032863528
1 0.44603733321313016 0.09319285702604396 0.03555930212790983 0.022847281077352708
1 0.45454064459154336 0.06733935475430274 0.03401324551365299 0.026454746510618934
1 0.6532089195235615 0.06914308747093584 0.02937507567088204 0.025252258032863528
1 0.6369753250738635 0.6765305994837957 0.01855267937108337 0.021644792599597337
1 0.6949524481084992 0.6771318437226733 0.020098735985340142 0.03246718889939601
