1 0.6144563230267436 0.12315606256279804 0.2612857667972298 0.018794306787219935
1 0.4478469778017893 0.25921050082680314 0.18406365758185397 0.017977163013862523
1 0.47640857984035295 0.27882195138738053 0.13751882463012088 0.01634287546714777
1 0.5389752021311855 0.31284254841637904 0.6566824301828237 0.019142083177160884
1 0.25554858721737245 0.3810362197350146 0.10841455215282465 0.016749322780015702
1 0.5327800848653098 0.40077649301146145 0.34073144962316326 0.027516744567169
1 0.22540498977700607 0.33036697052634506 0.05247929915307921 0.01581990345219907
1 0.20876521199676148 0.2932890718102536 0.052479299153079174 0.016808647417961495
0 0.5370808274300497 0.21666141446366452 0.4966333675949936 0.05734715001422146
1 0.21964506669922912 0.49993656065460357 0.08447887180739581 0.020763623281011192
1 0.31869708723700857 0.6618905607774758 0.31735113376181734 0.018571449394486166
1 0.176369912095345 0.6804620101719617 0.046160164910809806 0.014114301539809446
1 0.3047528707535348 0.7146334770578161 0.06250855665005503 0.020057165346045024
1 0.40957491190516543 0.7317192105007433 0.06250855665005489 0.014114301539809446
1 0.22108757185269198 0.7313477815128536 0.064431896854672 0.020800023321824453
1 0.2100283656761438 0.8260621734247331 0.08847364941238546 0.020057165346045024
1 0.3884181696543776 0.8253193154489534 0.06635523705928918 0.018571449394486024
1 0.34190127756801153 0.4512579932698617 0.11456652546833083 0.02119388915951184
1 0.34412587029555197 0.4280592767574231 0.0774899800093241 0.022912312604877697
