1 0.33035747476865446 0.24951607279496918 0.12207850266486243 0.021637633590432977
1 0.6183136375430246 0.3075049308173293 0.12766988446630648 0.023368644277667557
1 0.720356355419379 0.3248150376896756 0.12114660569795489 0.01990662290319829
1 0.6863421161272609 0.3464526712801086 0.18358370248074743 0.02163763359043287
1 0.622041225410654 0.38583316441469634 0.21713199328941188 0.027696170995754058
0 0.4575614107515069 0.5775425980259318 0.23111044779302156 0.035485719088310004
1 0.6463451010586617 0.6247126392530755 0.11275953299578895 0.022503138934050215
1 0.5130838347909112 0.740257602625987 0.06616468465042154 0.028561676339371473
1 0.1714690419109518 0.7632842885206642 0.07082416948495834 0.026830665652136786
1 0.3531889504578844 0.810454329747808 0.15655869044043424 0.031158192370223218
1 0.5698549952638424 0.8095888244041906 0.1593543813411562 0.03635122443192728
