1 0.7418238828894781 0.0829090393021846 0.05880823533665179 0.027961479921521076
1 0.8170144123556259 0.0829090393021846 0.06636929416564968 0.029262013871359266
0 0.4599644120973812 0.15996567583009655 0.4612245885688799 0.058524027742718074
0 0.4629048238642157 0.2529538532435279 0.15794211776129324 0.05072082404368938
0 0.2869001766780938 0.36740084082928864 0.2982417649215909 0.053321891943365785
0 0.6477307063508339 0.3680511078042072 0.29236094138792496 0.04942029009385023
0 0.46332488268804894 0.44673341176941816 0.5536375298121926 0.06892829934142405
0 0.3373072355380809 0.5530520621686903 0.5149921180195356 0.06177536261731412
0 0.4381213532580553 0.6079996215493538 0.2948812943309251 0.04291762034466032
0 0.5717000592370214 0.6548188437435286 0.5603584709935242 0.04291762034466018
0 0.32680576494224867 0.6996872650129439 0.07225011769931663 0.044218154294496916
0 0.46626529445487963 0.8079567163369746 0.5460764709831915 0.051371091018607117
0 0.5666593533510226 0.8596529408430434 0.31000341198892106 0.04681922219417487
0 0.57464047100385 0.9162261676610036 0.32428541199924893 0.06112509564239757
1 0.14678394211628193 0.10517394260127215 0.0459049325956671 0.020995760781238833
