1 0.5998850607604114 0.09633911368015415 0.13219920257921758 0.026974951830443156
1 0.4589557221618116 0.14354527938342967 0.06485243900112564 0.017341040462427734
0 0.4951234285278238 0.22832369942196531 0.5861662755870962 0.048169556840077093
0 0.49761775310479023 0.3815028901734104 0.3916089585837196 0.061657032755298644
1 0.4013634994025835 0.3203797137742302 0.15021286998059352 0.02124573810729217
1 0.7799698805918065 0.3216054294342662 0.21791444518311465 0.025331456974078997
1 0.6684844273012801 0.4286203127934663 0.2278369572987342 0.020763623281011265
1 0.569925743525985 0.5705050718803765 0.05119931624690665 0.02175236724677376
1 0.5993653503679561 0.5868193473154567 0.31231582910612976 0.018786135349486203
1 0.8617618461333524 0.5685275839488515 0.051199316246906504 0.019774879315248767
1 0.4258501292920803 0.6872781985746624 0.11452616672947123 0.020259762975802998
1 0.8390000849795962 0.6866351375021895 0.0589567627282959 0.024522683482221055
1 0.3231284111070066 0.7034582425331928 0.17006758479316136 0.02101944298476084
1 0.2235112697531554 0.7215932073330421 0.21803233322623414 0.02183256987337355
1 0.5031751682310065 0.7233452110724392 0.13680367702370005 0.017371440483273517
1 0.74109090293038 0.7627524468397727 0.10376821420341784 0.023927603971451106
1 0.8642188585896594 0.7818945300169337 0.04956093812700544 0.016749322780015632
1 0.15874987993806466 0.7836891003147924 0.08208530377285295 0.01794570297858826
1 0.6319019611193207 0.8668375241155849 0.281877835597344 0.023927603971451106
1 0.1802716398807511 0.14205640217200916 0.056689194931053816 0.01751620248730074
1 0.17687028818488784 0.09914170607812231 0.04988649153932734 0.019267822736030827
1 0.6519257417071187 0.28656507269224035 0.03854865255311658 0.022771063233490985
