0 0.49983332486042514 0.15778067193485407 0.30975586329378474 0.04449347845930978
1 0.32127570944933853 0.09895040597198887 0.18559752139503616 0.019774879315248805
1 0.557432555638195 0.09944477795487011 0.0460793846222159 0.018786135349486345
1 0.6860708377085477 0.0989504059719889 0.12671830771109377 0.03163980690439809
1 0.22015705986169812 0.12020840123588136 0.2111971795184895 0.024718599144061014
1 0.44159410262956894 0.2027685223770451 0.1702377265209642 0.027684831041348338
1 0.7084705385665694 0.20079103444552018 0.3455953846666192 0.027684831041348303
0 0.5126331539221518 0.24923948876787974 0.4889534701579575 0.05339217415117179
0 0.5228730171715331 0.2976879430902393 0.4812735727209215 0.03954975863049757
0 0.5081532137505476 0.3392151896522618 0.410874512881425 0.039549758630497645
0 0.5203130513591878 0.4168315909646133 0.734710188143109 0.048448454322359565
0 0.555512581278936 0.4618194414068043 0.39295475219500775 0.03757227069897276
0 0.45759388895672726 0.5181778474552635 0.5043132650320296 0.0692120776033709
0 0.500246939171428 0.6235712934844202 0.413614311002902 0.043308619987941624
1 0.4785612783643705 0.6644284821522897 0.20522039983264193 0.023697169427364172
1 0.23208523114269233 0.6852656483729033 0.09943668857870282 0.02614860074743646
0 0.507122880402934 0.7244885494940578 0.47179535219256846 0.04412576376129906
0 0.4891396494897645 0.8000743485296161 0.3533175955881568 0.04821148262808592
0 0.3538960738131491 0.8838049133738332 0.31749975987612944 0.055033489134337546
