0 0.2959586762547547 0.1529997146748104 0.47902589868037615 0.05731423025119829
0 0.39664564858884643 0.21342884874400858 0.5675083895194265 0.058560191778398225
0 0.38520394718724515 0.267005194413607 0.5446249867162238 0.04360865345199873
0 0.4973326209229384 0.3168436555016055 0.7688823341876104 0.05108442261519842
1 0.17849054186498114 0.3641901935352046 0.15560713906177798 0.023673269016798903
0 0.16628606036993965 0.45701432731159997 0.2074761854157044 0.05980615330559803
0 0.28527975494659347 0.5161974998535996 0.4393613338214915 0.056068268723998387
0 0.29138199569411427 0.5760036531591975 0.32952100036611864 0.06105211483279865
1 0.1647605001830593 0.6277110565379961 0.14035153719297658 0.029903076652798833
0 0.19450892382722265 0.7442084593311931 0.2700241530777913 0.06354403788719763
1 0.1510304585011377 0.934587019822002 0.12509593532417468 0.02367326901679945
1 0.2601080118630705 0.9339640390584019 0.07780356953088918 0.024919230543999468
1 0.37528780597252376 0.9339640390584008 0.13119817607169523 0.02491923054399926
1 0.48817925980165766 0.9339640390584014 0.07932912971776838 0.024919230543998524
