0 0.21508142357489157 0.6831741321570263 0.08107951407010255 0.014968151236676022
0 0.4209807158844941 0.6777689664326709 0.04480709988084598 0.020789098939827822
0 0.19907888790316078 0.8178874932871096 0.0768121712243077 0.021620662897420716
0 0.3884422266853082 0.7871196268561645 0.08854736405024362 0.01330502332148967
0 0.6415432009532306 0.7958510484108924 0.15362434244861525 0.014136587279082846
0 0.6506113045005446 0.8133138915203475 0.17176054954324335 0.017462843109455263
0 0.6447437080875769 0.8324398625449889 0.15789168529441022 0.01912597102464133
0 0.6479442152219229 0.8511500515908338 0.16642637098599983 0.01663127915186223
0 0.7023528365058076 0.8702760226154754 0.2795109563995639 0.018294407067048296
0 0.6890173901126986 0.8889862116613202 0.25070639219044866 0.01912597102464133
0 0.5876679975250704 0.623717309189119 0.07787900693575643 0.019125971024641402
0 0.6735482722966921 0.6316171667862536 0.03627241418925635 0.01496815123667595
0 0.8287728683124805 0.6549009575988606 0.05227494986098719 0.01330502332148967
0 0.6858168829783523 0.5122877388716427 0.2485727207675511 0.017462843109455194
0 0.7002191650829102 0.494409113783391 0.2688425992850768 0.01829440706704837
1 0.8485093289742818 0.46239390141605624 0.2240354994042309 0.02078909893982768
1 0.8298397040239291 0.44243636643382167 0.25070639219044877 0.017462843109455263
1 0.7919670362674998 0.4249735233243665 0.17709472810048724 0.015799715194269055
1 0.8255723611781343 0.405847552299725 0.242171706498859 0.022452226855013892
1 0.5919353403708653 0.27196575512723475 0.060809635552576895 0.014136587279082775
1 0.7930338719789486 0.27154997314843815 0.10028255687617943 0.01496815123667595
1 0.74182575782941 0.28693390636391064 0.06401014268692308 0.01579971519426902
1 0.7631624720583844 0.31894911873124526 0.16856004240889733 0.01330502332148967
1 0.7343579078492691 0.33391726996792115 0.04694077130374353 0.013305023321489742
0 0.6431434545204037 0.1443206876366928 0.16535953527455122 0.018294407067048386
0 0.6410097830975061 0.1621993127249446 0.15469117816006403 0.019125971024641454
0 0.7108875221973971 0.18132528374958606 0.3008476706285383 0.01912597102464147
0 0.7050199257844292 0.19961969081663444 0.2891124778026024 0.017462843109455263
0 0.8325067933025511 0.16261509470374114 0.13442129964253852 0.018294407067048334
0 0.844241986128487 0.14556803357308246 0.1600253567173077 0.02078909893982768
