0 0.5021228436719505 0.21191709704403958 0.2789571353733059 0.025697535944428366
1 0.23711356506730993 0.18824831393732921 0.05579142707466122 0.018935026485368277
0 0.48643150480720204 0.2856284501477947 0.2998789205263037 0.04869006810523281
1 0.448946639741414 0.42696489784215075 0.074969730131576 0.017582524593556245
1 0.5561707886505284 0.4269648978421508 0.08020017641982548 0.02569753594442844
1 0.3690884473347353 0.4763312168932896 0.053363976952284536 0.016230022701744246
1 0.7034950257695546 0.5033812547295298 0.17957865589656374 0.021640030268992288
1 0.5282750751131978 0.5277262887821464 0.09763499738065697 0.01893502648536838
1 0.4184357030599587 0.8340679672775689 0.09066106899632445 0.01758252459355617
1 0.7026232847215139 0.8178379445758247 0.06973928384332623 0.01758252459355617
1 0.34346597292838266 0.32214600122671927 0.05927839126682748 0.01893502648536824
1 0.5413511908338215 0.32146975028081326 0.050560980786411705 0.017582524593556245
1 0.49950762052782566 0.18824831393732921 0.054047944978578004 0.01623002270174428
0 0.29322198888671347 0.7237775857361709 0.05705941405363071 0.028279585010615022
0 0.43349304843522235 0.7237775857361709 0.19812296546399558 0.055329622846855386
0 0.6490508348600497 0.7237775857361709 0.18861306312172388 0.060247811544353595
0 0.42556812981666264 0.7784924349958389 0.1695932584371802 0.04918188697498266
0 0.5674241730888834 0.7760333406470897 0.07607921873817432 0.03196822653373857
1 0.4263606216785186 0.5461080190390463 0.05388944660620688 0.022131849138742082
1 0.6070487661816826 0.5448784718646718 0.06973928384332645 0.01967275478999305
1 0.5411580130175758 0.503960396039604 0.06636843555875921 0.021782178217821836
1 0.778552801746984 0.5287128712871287 0.030631585642504292 0.01980198019801982
