1 0.8211090343097638 0.09739121517274989 0.0895988034320864 0.026696087075585895
0 0.3622351624468638 0.15028901734104042 0.16511779489627365 0.04350473449354737
0 0.6143917949628787 0.15177213328968409 0.20095731626910812 0.036583526733210296
1 0.6028719488073245 0.19280500786882535 0.2572765641407054 0.03559478276744784
1 0.2054372564407125 0.23581537037949152 0.17663764105182758 0.016808647417961495
1 0.19647737609750388 0.25509587771185904 0.15871788036541026 0.015819903452199035
0 0.4908734445172165 0.3495209264421721 0.43007425647401504 0.054380918116934254
1 0.27455633337403634 0.2951400083252379 0.06399914530863321 0.01878613534948638
0 0.49663336759499344 0.42812607172028605 0.5311929060616553 0.05141468621964684
1 0.3737550086024178 0.5195848885533119 0.15231796583454701 0.02471859914406096
1 0.21631711114318017 0.5428203717487291 0.052479299153079174 0.021752367246773617
1 0.48575351289252594 0.5428203717487292 0.14079811967899297 0.02175236724677376
1 0.6790309317245982 0.5452922316631352 0.1843175384888636 0.030651062938635648
1 0.33471552996415155 0.5438091157144915 0.0460793846222159 0.01779739138372392
1 0.6835108718962024 0.643672256256498 0.07295902565184179 0.01977487931524884
1 0.1510379829283743 0.6629527635888656 0.06783909402715117 0.020763623281011265
1 0.4524739573320366 0.6614696476402219 0.11263849574319437 0.025707343109823456
1 0.5855921795739936 0.659492159708697 0.06143917949628801 0.01384241552067408
1 0.21631711114318017 0.6861882467842829 0.13951813677282032 0.019774879315248767
1 0.47871360690857623 0.6861882467842829 0.047359367528388534 0.01779739138372392
0 0.48959346161104383 0.8265898899225493 0.7167904274566916 0.053392174151171756
1 0.2860761795295903 0.8888807597655831 0.20223729917528085 0.023729855178298464
1 0.4115145043345115 0.7029968942022444 0.1587178803654104 0.01581990345219907
1 0.1644778034431873 0.7202999136030871 0.08447887180739581 0.020763623281011265
1 0.40703456416290706 0.7202999136030871 0.28031625645181335 0.018786135349486272
1 0.7590298633603897 0.7212886575688495 0.06015919659011544 0.020763623281011123
1 0.17535765814565493 0.7524340924903661 0.12159837608640305 0.01977487931524891
1 0.5625524872628858 0.7554003243876538 0.43007425647401504 0.017797391383723778
1 0.24255676071971977 0.7727033437884964 0.18687750430120886 0.016808647417961425
1 0.44543405134808695 0.7880288752578142 0.03199957265431656 0.013842415520674223
1 0.5395127949517778 0.7880288752578142 0.03583952137283447 0.015819903452198927
