0 0.24736281647640726 0.13875480643817764 0.37487660637832987 0.06909423014472518
1 0.8807509859892361 0.07022692244217969 0.0641052932840266 0.024919230543999235
0 0.24387883314575365 0.250324997737447 0.35954707972345396 0.05889999946763453
0 0.28080905645068205 0.30979134335380887 0.34700473973310086 0.05323653798036204
0 0.30240975310073454 0.36189518903671636 0.3818445730396371 0.0441749996007259
1 0.12472660323739972 0.4026721117450788 0.04598857996462783 0.026051922841453815
0 0.24680355793659012 0.5806398289235976 0.3770291885291048 0.05623377152820215
1 0.6348723521224378 0.4010566111535694 0.09948862443678803 0.032893384318079005
1 0.8429143037669412 0.4243560917122069 0.12099050731450052 0.024670038238559497
0 0.31925954146121827 0.6390830452201777 0.3598004631897001 0.054575174331898194
0 0.3921064935839988 0.6936582195520775 0.4978929008235066 0.05251573379107046
0 0.35853356297307976 0.7363916107742241 0.43328084833001523 0.028832167571567636
1 0.24261189479072093 0.7697493989342604 0.27745177877367155 0.02964564658519106
1 0.5761241900820026 0.8130697307105418 0.14204517595486735 0.021263723584031374
1 0.3893889604474509 0.8123695209266601 0.15079947254183657 0.023158408881592527
1 0.7005593680124619 0.8137287516836058 0.05212038555035579 0.02118134596239836
1 0.2935604116172388 0.8336641361188082 0.18242137676862547 0.018689422907996908
1 0.6813974754416945 0.8367790399368051 0.1517623089224171 0.019935384435199526
0 0.23684117308895858 0.8928473086608031 0.33571664804750156 0.05482230719679843
0 0.21308039610229632 0.9700969233472021 0.30352464034173143 0.04236269192479694
