1 0.5640086977323002 0.11525704809286845 0.12019857492655495 0.024875621890547123
1 0.7996587323309734 0.13762211414072312 0.08367603714420851 0.02152115365163571
0 0.4957410502505936 0.24862595929126524 0.18314000582505996 0.05550192257527101
1 0.17445664347990633 0.5163403889869236 0.07420327822222263 0.0362461535185443
1 0.12472465913948032 0.5667451962236487 0.05999413983924372 0.030582692031270963
1 0.8438649406335665 0.5667451962236449 0.06473051930022948 0.03058269203128011
0 0.48626829132860777 0.6516971185327375 0.6283596751583957 0.0849519223090882
0 0.467322773484636 0.7400471177341896 0.5841534668557951 0.08948269149890635
0 0.4018028576075672 0.8306625015305502 0.44679846248699995 0.08721730690399725
1 0.12946103860047342 0.911650000798548 0.07262448506855829 0.027184615138908373
1 0.38364673634042584 0.912216346947271 0.05683655353191848 0.028317307436370134
1 0.5959944155082774 0.9575240388454557 0.07420327822222263 0.02378653824654464
1 0.7136145054562683 0.958090384994183 0.07578207137588705 0.022653845949090225
