1 0.4515063335660618 0.3717900298404986 0.12773241909002983 0.01400245407885336
1 0.2810113219980655 0.4037331282078829 0.06664300126436334 0.016627914218638365
1 0.5797941109999613 0.4032955515179186 0.2532434048045809 0.015752760838710033
1 0.5087082429846403 0.42123619580644955 0.0799716015172362 0.014877607458781696
1 0.5970102196599218 0.4199234657365569 0.07886088482949674 0.01575276083870996
1 0.6980854382442064 0.4505538340340488 0.14328245271838128 0.0175030675985667
1 0.24602374633427473 0.5905783748225827 0.15216818622029635 0.026254601397850054
1 0.4326241498744921 0.58926564475269 0.14550388609386006 0.025379448017921788
0 0.4603920670679769 0.6413372708584262 0.1766039533505631 0.05600981631541352
1 0.1571664113151236 0.7087240811129081 0.085525184955933 0.021003681118280042
0 0.46483493381893437 0.7567073603799223 0.28323275537354425 0.05250920279570011
0 0.4615027837557163 0.8100917165555509 0.2787898886225868 0.05250920279570025
