1 0.3910597938568111 0.19162956866685932 0.09078173785961681 0.014877520809932215
1 0.5132659794370646 0.19095331772095328 0.09427334316190972 0.01623002270174428
1 0.504536966181332 0.20650708947679153 0.08030692195273799 0.012172517026308147
1 0.7218893962490687 0.2558734085279303 0.08903593520847039 0.01623002270174421
1 0.6180141385058532 0.301858472849539 0.11871458027796045 0.016230022701744246
1 0.3718559646941998 0.3180884955512832 0.06634050074356615 0.01623002270174421
1 0.5708774669248983 0.3174122446053772 0.06634050074356615 0.014877520809932215
1 0.7506951399929856 0.3180884955512832 0.10474815906878888 0.01623002270174421
1 0.6442011782730505 0.34851978811705364 0.16410544920776893 0.014877520809932179
1 0.2819471281601562 0.42696489784215075 0.06808630339471268 0.017582524593556245
1 0.2836929308113027 0.45130993189476726 0.07157790869700563 0.017582524593556245
1 0.46612930785610973 0.4499574300029552 0.12220618558025358 0.020287528377180307
1 0.4242300442285942 0.5513950718888566 0.04888247423210139 0.012172517026308186
1 0.7192706922723491 0.6677102345846905 0.04888247423210132 0.017582524593556314
0 0.5822251841573505 0.699494029042273 0.1239519882314 0.04598506432160846
0 0.41048004483568007 0.6978453180584526 0.12841027764631113 0.043593036182370926
1 0.35637459077122313 0.7285839974178167 0.08656872650313115 0.01788432253635733
1 0.5663037525413162 0.7302606526556003 0.07069779331089038 0.014531012060790403
1 0.5713535949206654 0.7531749409053079 0.12408184132115459 0.022355403170446663
0 0.3090070692529264 0.7853778991723362 0.13966421209171814 0.04192755864617235
0 0.5839709868084969 0.7847016482264302 0.3823307806010788 0.04598506432160861
1 0.3875681885545182 0.8164854426840128 0.13617260678942533 0.014877520809932179
