0 0.4528946885817115 0.3213213213213213 0.1487116887880247 0.06306306306306304
0 0.32538530302583096 0.4627481821699847 0.2694735302581922 0.05794727218002414
0 0.6620224487283143 0.4624297905645999 0.2760260781064158 0.06113118823387175
0 0.4060635484070831 0.5283368528792427 0.0900975329130734 0.022287412376932422
0 0.4601220681549272 0.7971845473699153 0.4701453081100375 0.0592208386015632
0 0.45479812302824557 0.8879261549045685 0.19903364088978948 0.05731048896925458
1 0.653012695437007 0.8404858057022411 0.0843640535458779 0.02356097879847141
1 0.4593029996738992 0.8404858057022412 0.06552547848223526 0.01974027953385459
1 0.5809346691065483 0.2569420255454918 0.14661325810400128 0.01846671311231539
1 0.367976864039284 0.27540873865780713 0.1351462993696101 0.019740279533854377
1 0.3111634074555025 0.37315496151092487 0.06224920455812342 0.020377062744623798
1 0.4196899811917046 0.3916216746232402 0.061430136077095486 0.021650629166163
1 0.699401867462746 0.3909848914124708 0.10320262860952041 0.019103496323084956
1 0.2288470251121946 0.41040677934094033 0.07944964265971013 0.021013845955393365
1 0.35088822878535764 0.5536830017640771 0.061430136077095486 0.021013845955393365
1 0.7399457572736291 0.5734232812979315 0.05815386215298389 0.021013845955393434
1 0.40044187188754804 0.6285050290294929 0.05733479367195578 0.016556363480006907
1 0.5364072397381859 0.6823132103395153 0.0442296979755087 0.022287412376932422
1 0.6473910189174719 0.682949993550285 0.10074542316643659 0.019740279533854307
1 0.3042013253667651 0.7020534898733698 0.08600219050793363 0.01719314669077633
