0 0.6380560826481131 0.30124777183600715 0.07375079063883633 0.021390374331550818
1 0.7306134960701745 0.265909340771816 0.0568948781365188 0.019922609296015706
1 0.9117057301388504 0.3251237628460848 0.06105791800016647 0.023243044178684898
1 0.5481335820469495 0.5791370313702845 0.06383327790926507 0.0221362325511285
1 0.3927134271374348 0.6306037720516584 0.12766655581852995 0.021029420923572104
1 0.5516027819333226 0.6322639894929929 0.12072815604578388 0.024349855806241293
0 0.6404142990244739 0.6599342801819036 0.1373803155003747 0.0221362325511285
0 0.6300066993653547 0.7127823826491075 0.14431871527312082 0.02324304417868504
0 0.6660863781836349 0.734918615200236 0.1137897562730376 0.018815797668459026
0 0.6341697392290024 0.8002205012260653 0.12211583600033314 0.032097537199136356
1 0.3864688673419632 0.85445427097633 0.05967023804561734 0.016602174413346233
1 0.6397204590471994 0.8976199244510306 0.061057918000166606 0.016602174413346375
1 0.6390266190699248 0.9147755046781552 0.10130063668209431 0.019922609296015706
