0 0.5729576974914135 0.19607843137254904 0.32122081648623985 0.1746880570409982
0 0.58434850658667 0.5935828877005348 0.3440024346767532 0.1354723707664885
1 0.772863736134323 0.38328168291223136 0.05401044412253185 0.021130040162440834
1 0.9104617723512491 0.38126929813485605 0.056582370033128486 0.019117655385065505
1 0.8750977910805438 0.47082042072805774 0.16588922123349037 0.025154809717191428
1 0.19868127659359885 0.8551082960289768 0.07329988845200738 0.018111462996377697
1 0.16396027680054273 0.8410216025873497 0.04500870343544307 0.014086693441627177
1 0.18775059147356266 0.8696980856649479 0.07201392549670897 0.015092885830314913
1 0.3446380720199643 0.8702011818592916 0.0668700736755155 0.016099078219002506
1 0.24626190593963873 0.9305727251805513 0.08358759209439434 0.016099078219002364
