0 0.7101477686584069 0.17492492492492495 0.359445519019987 0.04954954954954953
0 0.2681269277013958 0.3753753753753753 0.3691602627772841 0.03903903903903903
0 0.2681269277013958 0.5773273273273274 0.3613884677714465 0.031531531531531556
0 0.2788131458344224 0.6096096096096096 0.17292243887988565 0.024024024024024017
1 0.1330919894749682 0.23048048048048048 0.10297628382734766 0.016516516516516547
1 0.33710160837820413 0.22897897897897898 0.11074807883318524 0.016516516516516547
1 0.19526634952166866 0.6283783783783784 0.11074807883318517 0.016516516516516547
1 0.15543590011675118 0.7274774774774775 0.1515500026138324 0.016516516516516474
1 0.6508878317388955 0.21771771771771772 0.13600641260215732 0.01801801801801801
1 0.7781509749594855 0.21546546546546544 0.10297628382734772 0.022522522522522515
1 0.7742650774565668 0.5645645645645645 0.1457211563594541 0.01801801801801794
1 0.7791224493352152 0.493993993993994 0.06994615505253804 0.01501501501501501
1 0.550825971038737 0.6208708708708709 0.06800320630107855 0.016516516516516547
1 0.6499163573631658 0.6201201201201201 0.06411730879815984 0.01201201201201208
