1 0.16819220177709185 0.1032680988315437 0.09453940753483597 0.024504294637993418
1 0.7645599760520745 0.140462117478498 0.053865476386127396 0.021878834498208394
0 0.4600551401549865 0.19997254731362488 0.1506034747938665 0.03588128857706181
1 0.67111986395369 0.2459180997598625 0.05386547638612754 0.022753987878136712
0 0.4556579584091802 0.2918636522061002 0.12202179344612546 0.04113220885663178
0 0.4595054924367607 0.3658141128100446 0.22645485990902559 0.03500613519713348
1 0.3973953002772464 0.6508138014085936 0.058262658131933806 0.017503067598566843
1 0.6101089672306272 0.6499386480286654 0.24844076863805725 0.017503067598566843
1 0.35837031228321536 0.6656914088673753 0.27702244998579834 0.015752760838710033
0 0.4529097198180513 0.7514564401003523 0.32978863093547434 0.049008589275986766
1 0.511172377949985 0.8389717780931858 0.05716336269548222 0.022753987878136712
1 0.15500065653967288 0.8555996923118243 0.06815631705999803 0.022753987878136997
1 0.661226205025626 0.8376590480232935 0.027482385911289528 0.021878834498208447
0 0.38365410732160166 0.901107668068098 0.21546190554450978 0.03850674871684674
0 0.5859244676286925 0.8976070545483846 0.09234081666193283 0.031505521677420066
1 0.26822808649418567 0.8551621156218602 0.10333377102644864 0.01837822097849511
