0 0.4654973058536451 0.12603091107954845 0.42219523089051536 0.04968960651881838
0 0.46888028046013974 0.2958790206347823 0.4343739394738957 0.058724080431330886
1 0.1921529576488884 0.16623431999022883 0.07036587181508588 0.019875842607527366
0 0.47091006522403633 0.3929996151942909 0.3274719419086689 0.045172369562562195
0 0.4648207109323462 0.49418572301443026 0.24763374119539833 0.046979264345064706
1 0.5101525706593728 0.4282340634530895 0.05954035307430338 0.01987584260752733
0 0.46955687538143853 0.630606279093368 0.24357417166760498 0.04155857999755724
0 0.46888028046013974 0.7361933617546369 0.10148923819483549 0.028910316520039885
0 0.46888028046013963 0.848220838269791 0.3125868536400931 0.04697926434506457
1 0.5277440386131441 0.7967243369684701 0.12178708583380249 0.01806894782502482
0 0.4661739007749441 0.9394690247861667 0.21515718497305109 0.045172369562562126
1 0.1718551100099213 0.9715414071755856 0.11366794677821566 0.02439307956378343
