0 0.4635076173710594 0.12353121722538044 0.4054071202025029 0.05193032061703889
0 0.4607970465092399 0.2974191089884955 0.4195492290467759 0.05193032061703851
0 0.46315406464995257 0.3918378737467482 0.3158404308554384 0.04248844414121372
0 0.4637433191851306 0.4937314573816958 0.22745225057872992 0.0401279750222573
0 0.46315406464995257 0.6322123123604664 0.22627374150837384 0.038554328942953194
0 0.46433257372030795 0.7340538125975858 0.08720967120635091 0.023604691189563095
0 0.46079704650923903 0.8493233879066219 0.3087693764333009 0.040127975022257
0 0.4590292829037053 0.9382343913873095 0.20859610545303167 0.041701621101560976
1 0.17324083334234802 0.9716743705725222 0.1131368707541867 0.028325629427474228
1 0.5284415031000536 0.7965390003284892 0.11671594508683583 0.018809375307577057
