0 0.28697738769510134 0.29801980198019795 0.18111461801201945 0.07722772277227721
0 0.5854338708980068 0.2980198019801979 0.34947468545981225 0.07326732673267322
0 0.39156470232176055 0.39306930693069303 0.22192917981754515 0.049504950495049445
0 0.639002983267759 0.395049504950495 0.16070733710925672 0.04554455445544548
0 0.3455813415868166 0.45935381241736983 0.27489424898951326 0.049791579788721944
1 0.38681547893524354 0.49644345858651995 0.05105178909805254 0.016258475033052094
1 0.7533411442545946 0.49542730389695416 0.10864867936252195 0.020323093791315187
1 0.6492740357085646 0.49695153593130287 0.05497884979790278 0.015242320343486356
1 0.5177175022635833 0.45935381241736983 0.04843374863148561 0.013210010964354807
1 0.6283297119760298 0.4578295803830203 0.060214930731035544 0.03454925944523561
1 0.7271607395889265 0.4588457350725869 0.08246827469685412 0.03048464068697257
1 0.7585772251877282 0.512701933619572 0.09032239609655435 0.01219385627478907
1 0.4341365603684386 0.8134926641963074 0.15983137048390275 0.02123763301192426
1 0.3635046910804618 0.23366336633663365 0.04846729214406153 0.01584158415841582
