0 0.3784352615072954 0.4759079373746907 0.15505333631201676 0.03635122443192735
1 0.5505707450401266 0.323578996898043 0.1550533363120166 0.01904111755958079
1 0.8422812591186677 0.3049706320102709 0.04730440768841191 0.01990662290319818
1 0.09723683802618002 0.32531000758527767 0.06832858888326156 0.015579096185111375
0 0.4599039636373348 0.24525076330067513 0.2128698345978507 0.052795825960655095
0 0.45924695797499737 0.5565199359459304 0.2089278006238171 0.05193032061703812
0 0.4572759409879811 0.6344154168714906 0.21286983459785225 0.04673728855533497
1 0.412599555948926 0.7239952199358843 0.06570056623390542 0.018175612215963782
1 0.5131214222868011 0.7226969619204563 0.0932948040521456 0.017310106872346253
1 0.6346674698195263 0.7226969619204584 0.09460881537682368 0.017310106872346295
1 0.5170634562608354 0.7408725741364199 0.1064349172989269 0.019041117559580812
1 0.29762356503958926 0.8447332153704978 0.37974927283197085 0.0328892030574571
1 0.14519825137693096 0.8953652779721127 0.08278271345472082 0.019906622903198043
1 0.4250826635333634 0.898394546674771 0.4559619296632998 0.025965160308519225
1 0.7305902965210241 0.8979617940029615 0.07358463418197234 0.02509965496490042
0 0.4546479183386245 0.9593212488499833 0.2995945820266069 0.060585374053211904
1 0.10774892862360468 0.9177769923563526 0.08672474742875477 0.022503138934049857
