1 0.25111907837227126 0.4836006363737698 0.07121287297124117 0.021714300604091862
1 0.5050491912039337 0.5784197490116375 0.5303485013384536 0.02316192064436457
1 0.2168058318891735 0.5509295567142402 0.19897916086865955 0.020673737465941856
1 0.6490909679283958 0.517222376063248 0.09541690755105307 0.017977163013862592
1 0.4448755133526664 0.4826163372615625 0.06399914530863313 0.022471453767328172
1 0.2546235086624568 0.6107036237353332 0.1745431235689997 0.021572595616635014
1 0.6834177822302994 0.6080070492832539 0.1431253613265797 0.023370311918021188
1 0.675272436463746 0.6318267902766219 0.13614363638381974 0.0224714537673281
1 0.6531636408116726 0.670477690756426 0.22225157734452622 0.022471453767328314
1 0.4082214574031765 0.7329483322295985 0.08843518260829321 0.019774879315248767
1 0.5368015584323396 0.7320494740789053 0.10588949496519312 0.01977487931524891
1 0.6816723509946092 0.7316000450035587 0.10938035743657308 0.01707830486316965
1 0.1702609989374403 0.7486783498667282 0.10123501167001976 0.020673737465941856
1 0.4518572382954264 0.7527232115448473 0.18036122768796636 0.019774879315248767
1 0.747998737950829 0.7509254952434611 0.06981724942759981 0.017977163013862592
1 0.4925839671281929 0.8008121226069295 0.14079811967899303 0.02067373746594214
1 0.7468351171270357 0.801261551682276 0.22574243981590605 0.0233703119180214
1 0.7177445965322025 0.8340698741825753 0.17221588192141316 0.01887602116455568
1 0.798616243785839 0.8533953244224776 0.19897916086865963 0.014381730411089961
1 0.2895321333762567 0.8551930407238637 0.3444317638428259 0.02516802821940743
