0 0.49387626623934067 0.28227360308285165 0.1247162288483183 0.02890173410404625
1 0.5297366490257296 0.14785153141123872 0.06250855665005481 0.018571449394486093
1 0.27489407191396714 0.16642298080572482 0.07789527828699154 0.020057165346044972
1 0.47732562844991433 0.16568012282994538 0.044236824706192765 0.018571449394486114
1 0.7489704210008301 0.16654769132323305 0.0675553377654758 0.02271549182135489
1 0.518583487680186 0.19933058386948427 0.07827994632791502 0.017160019240505163
1 0.40856842797608933 0.23487633801053068 0.05077618140189081 0.0212457381072921
1 0.2419590827511351 0.2512192134776785 0.12376694216710885 0.019611450560577382
1 0.49848458254193756 0.3149564277995548 0.10578371125393922 0.024514313200721675
1 0.66826743910451 0.3137307121395187 0.09203182879092708 0.02533145697407914
1 0.2599423136643048 0.20014772764284164 0.04337132161411507 0.02042859433393474
1 0.7166518507949491 0.35653758640341443 0.07510643499029669 0.017977163013862592
0 0.49344822004913735 0.3896319092243887 0.4157299852279808 0.03840575734779726
0 0.496092812830486 0.5420292229555416 0.41890349656559905 0.055565776588302286
1 0.3321280603868803 0.46521770825994707 0.17136961223138147 0.01961145056057731
1 0.4892168715989799 0.46521770825994707 0.056065366964587755 0.016342875467147733
1 0.5791330261648282 0.46726056769334057 0.056065366964587755 0.02042859433393474
1 0.20571652543842298 0.4995377467409574 0.1808901462442359 0.01961145056057724
1 0.8348772344391557 0.6071434258507301 0.09557517161929724 0.018819060523546156
1 0.4207181574222008 0.7157149288711894 0.20426850404908628 0.02171430060409193
1 0.8330032114662282 0.7186101689517349 0.12181149324028084 0.018819060523546084
1 0.20801654999494118 0.7359816094350085 0.09744919459222469 0.018819060523546226
1 0.7496091891709591 0.79388641104592 0.17990620540103008 0.018819060523546226
1 0.4525765479619666 0.827181671972194 0.19677241215737673 0.018819060523546368
