0 0.24922528451940218 0.13458110516934046 0.1444373808010172 0.03386809269162212
0 0.24993331089587772 0.250445632798574 0.1855029106366005 0.0338680926916221
1 0.1295688268950301 0.2798573975044563 0.06938658489460629 0.024955436720142606
1 0.3511810827318848 0.3778966131907308 0.09062737618887351 0.021390374331550818
1 0.2152400184485746 0.4144385026737968 0.10478790371838496 0.026737967914438485
0 0.2456851526370243 0.48128342245989303 0.28462660334318085 0.03208556149732623
0 0.18125475237774705 0.5490196078431372 0.25772160103710906 0.04634581105169332
0 0.2633858120489137 0.5971479500891266 0.2010794909190631 0.04278074866310156
0 0.24497712626054874 0.8386809269162211 0.10478790371838499 0.03386809269162214
0 0.7505079935199865 0.5623885402131205 0.3285242386846665 0.04099821746880572
1 0.5883699188512023 0.4340463458110517 0.0467297408473879 0.026737967914438557
1 0.7200628248756591 0.4527629233511587 0.03823342432968104 0.021390374331550745
1 0.9388429752066116 0.47504456327985733 0.045313688094436914 0.02317290552584673
1 0.6981140072049163 0.5962566844919786 0.04814579360033917 0.019607843137254975
1 0.8305149396058488 0.5962566844919786 0.10337185096543394 0.02317290552584666
1 0.5791655759570199 0.6541889483065952 0.12178053675379892 0.024955436720142502
