0 0.4003285271872805 0.10414325221147204 0.09218948508236935 0.02800490815770676
1 0.4847429954554741 0.20391073752330235 0.11884668558811469 0.019253374358423406
1 0.7218810082878337 0.27917392819713926 0.0999645018965451 0.021003681118280042
0 0.39810709381180176 0.3185558302939145 0.08774661833141174 0.04200736223656012
1 0.48640907048708315 0.3522492354211553 0.03332150063218158 0.023629141258065048
1 0.7568685839516245 0.35574984894086875 0.05220368432375125 0.02012852773835178
1 0.4530875698549015 0.3719401864695429 0.09996450189654496 0.021003681118280042
0 0.6480183485531644 0.42488696595520736 0.09218948508236942 0.025379448017921788
0 0.3992178104995412 0.42401181257527903 0.32321855613216244 0.02712975477777846
1 0.6763416240905188 0.6121697892598713 0.05775726776244824 0.02362914125806519
0 0.46363937838842567 0.6546147281863955 0.2254754876110961 0.05425950955555678
0 0.3875552852782775 0.7281276121003759 0.08441446826819358 0.026254601397850054
0 0.5397234714985738 0.7281276121003759 0.10662880202298133 0.022753987878136712
0 0.4641947367322954 0.8602757724695546 0.25324340480458074 0.050758896035843576
