0 0.4615484441833722 0.24618941411596387 0.22631647337371896 0.05691718564882833
1 0.5527608410279317 0.3238858897635708 0.16459379881725006 0.020779289998778587
1 0.09944208678542195 0.32298244237231954 0.0726955944776188 0.017165500433773673
0 0.46909232662916284 0.4761167751894053 0.3291875976345001 0.03975168521505466
1 0.19408352110534074 0.4431409454087349 0.08915497435934377 0.01897239521627611
0 0.46292005917351603 0.556523593010766 0.22357324339343143 0.045172369562562056
0 0.4622342516784441 0.6364786871365011 0.2249448583835752 0.044268922171310905
1 0.2510055431963064 0.5985338967039489 0.1152156591720751 0.024393079563783643
1 0.11795888915236272 0.516203921984959 0.027432299802875003 0.01897239521627611
1 0.7523308220938475 0.5157521982893334 0.02057422485215625 0.01987584260752733
1 0.534244038660991 0.7235450982771193 0.31684306272320645 0.021682737390029842
1 0.5212136962546252 0.7411623224065182 0.11521565917207517 0.020779289998778552
0 0.4622342516784441 0.9625069332630732 0.3099849877724878 0.058724080431330775
1 0.3771941222895315 0.8970069973973582 0.5486459960575004 0.023489632172532283
1 0.3017552978316252 0.8446070487047861 0.39502511716140026 0.03613789565004964
