1 0.250758167237348 0.19365832150457735 0.07830985953591597 0.029755041619864465
1 0.26158825419444276 0.3160597427135652 0.10996703679511607 0.03381254729530056
1 0.24742583278901115 0.41952613743718475 0.07497752508757913 0.02975504161986443
1 0.2549235852977691 0.4878274829736917 0.09997003345010551 0.031107543511676425
1 0.2565897525219375 0.5696538474283188 0.08997303010509494 0.02975504161986443
1 0.2515912508494322 0.64066019674845 0.0966376990017687 0.03381254729530063
1 0.2482589164010954 0.7143715498522052 0.07997602676008445 0.03246004540348849
1 0.2690860067032007 0.7894354048477723 0.12496254181263193 0.022992532160804446
1 0.26117171238840076 0.8414391025879446 0.1044686849553603 0.026779537457877894
1 0.7781799030966927 0.5415841584158416 0.1024562881820097 0.017821782178217872
1 0.4708110385506636 0.25544554455445545 0.12197177164524958 0.01980198019801982
1 0.38421108068253645 0.3653465346534654 0.0902591110174847 0.021782178217821767
1 0.7611038550663578 0.6158415841584158 0.11221402991362965 0.023762376237623783
1 0.7525658310511903 0.6851485148514851 0.15856330313882452 0.01980198019801975
1 0.5976616810617233 0.6861386138613861 0.10733515904781968 0.021782178217821694
1 0.46715188540130614 0.6871287128712871 0.10489572361491468 0.023762376237623783
1 0.6964588160943755 0.7613861386138615 0.10001685274910471 0.02574257425742573
1 0.5513124078365284 0.8653465346534653 0.07806193385295984 0.023762376237623783
