0 0.4869624151694812 0.27446102819237145 0.5030603462494639 0.06799336650082917
1 0.1587418072312357 0.3797647126252036 0.06652037636356543 0.029903076652799142
1 0.18141920826426927 0.5423626919247989 0.1269934457849886 0.033640961234398324
0 0.484540468739153 0.4831795193828006 0.19804930235516083 0.06229807635999819
1 0.68032203099101 0.6239731719563959 0.08466229718999156 0.027411153598399095
1 0.7113144790694901 0.6532532678455958 0.08617412392552844 0.028657115125598452
1 0.19200199541301843 0.7055836519879939 0.08768595066106358 0.031149038179997993
1 0.3106803941525615 0.7896860550739911 0.1375762329337377 0.029903076652799263
1 0.6281640086150329 0.8180896170288053 0.1738600745865914 0.024919230543999204
0 0.48756412221022427 0.8697970204076039 0.291782559958367 0.06105211483279758
1 0.2592782851443518 0.9242325055644272 0.17083642111552044 0.03535924020884923
1 0.14211171314034426 0.9546730675735513 0.14513536661141546 0.023371942384098662
1 0.7952208628917146 0.8317951938280049 0.15118267355355797 0.059806153305598145
1 0.6916286874198623 0.979111609841355 0.13236028941795858 0.02785118687819292
