0 0.49334555426004445 0.23949331697839682 0.41774618200138636 0.04160532341637481
0 0.48217938272856076 0.28160602238765436 0.3849045010264345 0.038561031459079124
1 0.6003223869688629 0.3209248534320171 0.28150706631213557 0.014181834083062056
1 0.5390299268969991 0.37993140306212597 0.2359773812283945 0.02044637496077769
1 0.22804200756583448 0.39752526387407483 0.2193782118263972 0.02009982623262886
1 0.6314795667602836 0.5729717925013975 0.049279341887647446 0.015226657072741645
1 0.50194529665561 0.5898298771176471 0.05209530428122747 0.01631427543508025
1 0.8546445864514876 0.6409479401475653 0.061951172658756944 0.014139038710402759
1 0.6723110214671917 0.6409479401475653 0.07180704103628649 0.01631427543508046
1 0.2970840325226753 0.7649364334541753 0.29286008893230553 0.01631427543508025
1 0.3174997598761292 0.3211881416199922 0.040831454706907945 0.014139038710402936
1 0.3677100384583478 0.6241150658785387 0.05477725902659117 0.014866940437582344
1 0.8542823944578128 0.606938274927955 0.055369445610662496 0.014676338637100628
