0 0.4659350498972751 0.16409125873656308 0.5903216493744988 0.06738681025448189
1 0.3213777000038923 0.24504294637993418 0.06595772618709486 0.021003681118280076
1 0.42636041418501824 0.24548052306989837 0.06485843075064324 0.018378220978495074
1 0.37799141498114863 0.30017760931541937 0.1484048839209634 0.022753987878136712
1 0.40382485773776083 0.36625168950000886 0.17588726983225286 0.021878834498208377
1 0.24167878086115266 0.38462991047850387 0.08904293035257804 0.02012852773835178
1 0.42251288015743765 0.3855050638584322 0.10333377102644867 0.021878834498208377
0 0.46868328848840407 0.4332009230645265 0.5716336269548219 0.050758896035843507
0 0.46923293620662976 0.5523590461666558 0.4540090152545027 0.04813343589605857
0 0.44559808432292086 0.6022427888225709 0.2968097678419267 0.053384356175628575
1 0.3153315751034086 0.7212636484928248 0.1396105204293508 0.021878834498208308
1 0.7182233525629127 0.7212636484928246 0.13631263411999597 0.01837822097849511
1 0.730865250082106 0.7584576671397789 0.09563870297128745 0.022753987878136712
1 0.24167878086115266 0.7956516857867334 0.14840488392096343 0.021878834498208447
1 0.5121054582282414 0.795214109096769 0.144007702175157 0.01925337435842323
0 0.413718516665825 0.8341584345035801 0.12971686150128656 0.025379448017921646
1 0.2927960186561512 0.8857924839193521 0.09673799840773917 0.02012852773835178
1 0.40932133492001876 0.8875427906792086 0.11872390713677064 0.01837822097849525
1 0.6066448657630775 0.9059210116577038 0.07585138511515915 0.02187883449820859
