1 0.3174661963933867 0.1251543418317437 0.10297557183695187 0.024237223610620813
1 0.47836552738862387 0.1260410695248152 0.08858927871267169 0.026010678996763802
1 0.6574370181197938 0.10180384591419438 0.11054730506025706 0.029557589769049743
1 0.636236165094539 0.12663222132019616 0.08783210539034123 0.022463768224477806
0 0.47003662084298803 0.18220049008600975 0.23699524988945528 0.024828375406001798
0 0.3655467023613752 0.2377687588518233 0.2279091700214889 0.03192219695057375
0 0.6161710720527799 0.2342218480795373 0.14310575792046984 0.02246376822447779
0 0.467007927553666 0.33235304611278255 0.29908346232055866 0.047292143630479656
1 0.6952956842363204 0.3814186451294041 0.08934645203500226 0.020099161042953825
0 0.3130911687836733 0.4813232985487933 0.20216527706225101 0.029557589769049812
0 0.5250996990362211 0.48339232983262675 0.05678799917478969 0.02069031283833489
0 0.6954636965605898 0.4833923298326268 0.06435973239809471 0.021872616429096894
0 0.4652830065721094 0.5682226124697997 0.16430661094572457 0.05556826876581354
1 0.2699322894108332 0.6385696761201379 0.16733530423504667 0.02246376822447772
1 0.48383375296920733 0.6545307745954249 0.15143466446610554 0.021281464633715927
1 0.45581834004297783 0.7597557941732421 0.10903295841559597 0.029557589769049885
1 0.6205035376498677 0.7597557941732422 0.09010362535733293 0.030739893359811674
0 0.29794770233706275 0.7984762367706973 0.17793573074767405 0.04788329542586069
0 0.4633900732662831 0.8768038496586792 0.11054730506025706 0.027192982587525734
1 0.20330103704574676 0.8451772286057959 0.047701919306823264 0.026601830792144766
