1 0.42647519775369325 0.2167957385756149 0.03958186548760395 0.017945708667140323
1 0.22817781281089325 0.2544238373938124 0.035701290439799645 0.017945708667140393
1 0.5269820914918248 0.25384494356584014 0.03880575047804314 0.019103496323084918
0 0.43695275038276493 0.2926308300399822 0.20955105258143242 0.045732612409809296
1 0.5219373439296793 0.34820463752532005 0.058208625717064706 0.019103496323084883
1 0.770294146989155 0.3473362967833617 0.03802963546848233 0.018524602495112605
0 0.43734080788754526 0.40609402032254693 0.31587880889127046 0.04341703709792021
1 0.3934903098473566 0.4422748845708139 0.156775231931294 0.02199796546294621
1 0.37175908957965254 0.6579128354904842 0.03570129043979961 0.019103496323084813
1 0.19596903991411752 0.6764374379855969 0.0566563956979429 0.016787921011195833
1 0.5576386343694789 0.7204333689114892 0.2755208283941058 0.019103496323084813
1 0.7120855212720901 0.7702182381171044 0.14668573680700261 0.026050222258752028
1 0.34614729426414415 0.7878744998702587 0.05898474072662545 0.01968239015105709
0 0.4396691529162279 0.818266425838803 0.13426789665402894 0.027208009914696872
1 0.19325263738065446 0.8489087108992379 0.11952171147237262 0.023155753118890773
0 0.43734080788754537 0.9235860147076604 0.1078799863289597 0.024313540774835333
