0 0.4600214578610391 0.15454821357344248 0.18356299489293015 0.06878857255342491
0 0.4603691150483364 0.2655235278881475 0.22736780049237929 0.05535330447658403
1 0.26709404197908015 0.31356122894957544 0.06515262565399733 0.027538806387823734
1 0.4656059482686034 0.3344120395003563 0.16084554458330594 0.020457399030954733
1 0.3958722786233093 0.35565626157096303 0.11707112422202648 0.022031045110258916
1 0.805621213400402 0.3910632983553078 0.06311660610231001 0.022031045110258985
0 0.46713296293236894 0.5016119354264287 0.2290521995648345 0.02911245246712795
1 0.2462248415742841 0.4614839604041713 0.12928724153215104 0.025965160308519517
1 0.38671019064071593 0.5606236634003365 0.09874694825683988 0.022817868149911078
0 0.47018699225990007 0.6117671609777233 0.19240384763446094 0.055864435815299415
1 0.3765300928822788 0.6557649201522042 0.05599053767140397 0.025965160308519586
