1 0.32201550096544407 0.22403926526165413 0.09660465028963322 0.022753987878136712
1 0.6985259328635016 0.22447684195161827 0.1709159197431972 0.021878834498208412
1 0.36907930495270125 0.24329263962007755 0.11394394649546484 0.01925337435842337
1 0.2693783517691695 0.2817993883369243 0.06068753672041062 0.021003681118280042
1 0.1349988061739746 0.32599463402330536 0.09908169260475201 0.02012852773835178
1 0.8155661822528648 0.32862009416309035 0.167200356270519 0.021878834498208342
0 0.39137268578877044 0.3990699412473214 0.1560536658524844 0.05600981631541344
1 0.2669013094540507 0.45945552446237664 0.19444782173682584 0.022753987878136712
1 0.4700187792937923 0.4590179477724125 0.19197077942170707 0.021878834498208447
1 0.7115304050178755 0.4581427943924842 0.18701669479146943 0.023629141258065117
1 0.24151162572408302 0.4791464755107643 0.1882552159490288 0.021878834498208377
1 0.47187656103013154 0.4782713221308359 0.05697197324773242 0.020128527738351637
0 0.427289799357993 0.5264047580268943 0.1560536658524844 0.058635276455198525
0 0.5938708950497323 0.5233417211971452 0.0705957059808857 0.029755214917563534
0 0.631645790355294 0.6143576727096921 0.07183422713844528 0.031505521677420135
0 0.42852832051555245 0.6174207095394414 0.2254108506758108 0.05338435617562851
0 0.4316246234094509 0.6747432559247474 0.22912641414848914 0.0577601230752704
0 0.6341228326704129 0.6725553724749266 0.08174239639892023 0.03238067505734847
1 0.7412549127993009 0.719513341732968 0.06068753672041069 0.023629141258065117
0 0.3257310644381223 0.805278372965945 0.38889564347365174 0.0656365034946252
0 0.7592134695839122 0.8035280662060882 0.16100775048272198 0.02712975477777846
