0 0.48011168798786286 0.15096395803763804 0.1662266929256006 0.049883742655915206
1 0.5821404857146107 0.11683297622043291 0.04929481238483326 0.021878834498208412
1 0.1505242796008962 0.21441257808244235 0.07795458702717818 0.022753987878136782
1 0.2657365736631228 0.21309984801254991 0.08139375998425959 0.021878834498208412
0 0.4749529285522408 0.25466963355914596 0.2384493250243098 0.05425950955555688
1 0.2416623629635531 0.29580184241577767 0.1432988732117246 0.019253374358423406
1 0.47839210150932215 0.29492668903584934 0.04356285745636427 0.022753987878136747
0 0.39585195053936884 0.3211812904336995 0.15132361011158119 0.03150552167742017
0 0.5804208992360701 0.3185558302939145 0.11693188054076728 0.02625460139785009
0 0.43139007109587646 0.38506748716846795 0.3920657171072785 0.052509202795700184
0 0.7477939831473644 0.38375475709857554 0.06878345914162765 0.02888006153763513
1 0.42451172518171376 0.42532454264517155 0.06419789519885263 0.021003681118280115
1 0.5787013127575293 0.4253245426451715 0.06534428618454641 0.022753987878136712
0 0.4783921015093221 0.48395981910037006 0.3301606038798134 0.06651165687455354
0 0.4780450410343133 0.5583478563942785 0.42187188273531717 0.06826196363441028
0 0.4809110184985478 0.6445504643172196 0.3817481982360343 0.062135889974911936
0 0.48033782300570094 0.7114996978817375 0.2407421069956974 0.05600981631541344
0 0.47919143202000714 0.7797616615161477 0.29347609233761196 0.05776012307527011
1 0.6591748167739331 0.842772704870988 0.10546797068382929 0.022753987878136712
1 0.28029259600213335 0.842772704870988 0.06534428618454637 0.022753987878136712
1 0.2034843999606489 0.8615885025394471 0.18686173066808884 0.02187883449820859
1 0.4476656799134277 0.882154606967763 0.16164112898282532 0.024504294637993383
1 0.44651928892773385 0.9006700913781336 0.05617315829899617 0.01837822097849511
1 0.8133644043497489 0.862600919351251 0.08827210589842238 0.02275398787813657
