1 0.5934533205256585 0.08226441771326362 0.1484048839209634 0.026254601397850078
1 0.7451560907559767 0.0813892643333353 0.14400770217515713 0.026254601397850106
0 0.4626371635879204 0.12820997015950128 0.1813837470145109 0.0551346629354852
0 0.4703322316430814 0.1903458601344132 0.08244715773386865 0.044632822376345194
0 0.3851368353180839 0.24941871327957588 0.14290840673870545 0.033255828437276806
0 0.5533290370951758 0.2489811365896117 0.1539013611032214 0.03238067505734847
0 0.3851368353180839 0.283549695096781 0.1407098158658023 0.0315055216774201
0 0.5445346736035631 0.2817993883369243 0.13631263411999606 0.02975521491756343
1 0.21034886092228264 0.3474358918315496 0.06815631705999796 0.021003681118280042
1 0.6330279562379154 0.34787346852151374 0.06705702162354626 0.01837822097849511
1 0.2010048497124442 0.38462991047850387 0.05386547638612743 0.01837822097849511
0 0.34886008591518175 0.41919846898567314 0.16929149721354342 0.04025705547670356
0 0.579162479851788 0.41876089229570895 0.16599361090418882 0.03938190209677515
1 0.21914322441389522 0.48789800931004756 0.09014222578902956 0.01837822097849511
0 0.35105867678808494 0.5224665678172168 0.17149008808644656 0.03850674871684674
0 0.5758645935424331 0.5215914144372885 0.17039079264999507 0.04025705547670341
1 0.5773209046843671 0.5916036848315556 0.05606406725903056 0.019253374358423513
1 0.6245906084517852 0.6108570591899788 0.10223447558999695 0.024504294637993453
0 0.41022799834372675 0.6388619673476856 0.08904293035257808 0.029755214917563465
1 0.15519145708696003 0.7285651887903402 0.08024856686096539 0.020128527738351637
1 0.49487374695049835 0.843647858250916 0.0516668855132243 0.021003681118280042
