1 0.5279631772505603 0.11172887163059894 0.10722430972859051 0.02360469118956315
1 0.6363529686066357 0.10936840251164259 0.08158371392392766 0.02360469118956315
1 0.558265699565162 0.13730062041929234 0.034964448824540424 0.021244222070606823
1 0.1235410525133761 0.15500413881146474 0.16083646459288586 0.022031045110258895
1 0.669569194989949 0.359184717601186 0.20395928480981915 0.030686098546432134
1 0.34032063522552675 0.42134373773370226 0.2983632966360782 0.018096929911998457
0 0.4510413898365714 0.5531365968754298 0.11188623623852934 0.03934115198260521
0 0.4506416585345828 0.6241001963970182 0.2061265027121665 0.045518688244336684
0 0.4506416585345828 0.6894520273763873 0.3737246871603767 0.04356788731957934
0 0.45401288638267906 0.7545242169680422 0.11076891500887445 0.02796147992152111
0 0.45112326251288226 0.8393840571949837 0.2822199312834803 0.037715484545307446
1 0.25029440356200977 0.8744984738406145 0.17530384810100152 0.036414950595469266
1 0.21754533303764684 0.904410754686893 0.12521703435785822 0.02471014504692562
0 0.39911003285654123 0.9304214336836568 0.19360479927638083 0.029912280846278207
