1 0.5670194715194402 0.4398136658143649 0.07536889420505694 0.013525018918120201
1 0.23487050752273547 0.46618745270469886 0.0701105992605179 0.022992532160804335
1 0.3488002313210775 0.46551120175879335 0.08413271911262168 0.021640030268992305
1 0.47237016251774067 0.4648349508128874 0.11042419383531601 0.022992532160804303
1 0.6388828357614712 0.46551120175879335 0.1665126732437306 0.021640030268992305
1 0.2331177425412227 0.49256123959503384 0.06660506929749217 0.018935026485368312
1 0.3452947013580517 0.49120873770322176 0.09815483896472536 0.021640030268992375
1 0.443449540322777 0.49188498864912783 0.04206635955631079 0.017582524593556314
1 0.6301190108539064 0.49188498864912783 0.13496290357649748 0.012172517026308186
1 0.37509170604377184 0.5169062736476502 0.15424331837313987 0.021640030268992305
1 0.3128685492000621 0.5412513077002665 0.036808064611772016 0.01893502648536824
1 0.6870838727530763 0.5189350264853676 0.23136497755970928 0.01758252459355503
0 0.3847319134420931 0.7664428726869679 0.3663278811362072 0.05274757378066866
1 0.7054879050589615 0.7677953745787781 0.19806244291096367 0.04733756621341964
1 0.41452891812781334 0.6224014212089878 0.10341313390926424 0.01623002270174446
1 0.6590396330488681 0.6061713985072431 0.094649309001699 0.013525018918119198
1 0.7650819144304037 0.5757401059414731 0.06485230431597941 0.017582524593556102
1 0.39963041578495323 0.8185141955217307 0.04557188951933682 0.013525018918120253
