0 0.4922896752962113 0.5555555555555555 0.2593050566906776 0.054054054054054036
0 0.49131484425602073 0.7274774774774775 0.1208790489836241 0.06756756756756759
1 0.7457457457457457 0.20795795795795796 0.06043952449181191 0.019519519519519513
1 0.6326653450836458 0.22447447447447444 0.0916341177779087 0.022522522522522515
1 0.18229340451562678 0.4391891891891892 0.10723141442095692 0.019519519519519548
1 0.3314425536647759 0.4752252252252252 0.06238918657219312 0.019519519519519548
1 0.48449102697468716 0.4737237237237237 0.06043952449181212 0.01951951951951948
1 0.6219422036415501 0.4917417417417418 0.06238918657219315 0.019519519519519548
1 0.8042356081571768 0.49249249249249244 0.056540200331049985 0.018018018018018084
1 0.43282498184458973 0.509009009009009 0.05459053825066896 0.018018018018018084
1 0.6950545316558387 0.5105105105105104 0.056540200331049985 0.021021021021021012
1 0.533232578984213 0.6283783783783784 0.056540200331049985 0.01951951951951948
