1 0.48094032579115553 0.09757960186200951 0.05775726776244824 0.02187883449820843
1 0.6308870786359733 0.09714202517204534 0.0555358343869694 0.01925337435842339
1 0.24880053805362323 0.11770812960036124 0.1532789029080357 0.02012852773835174
0 0.4681670838821526 0.1877203999946282 0.36986865701721655 0.032380675057348436
1 0.22158797920400816 0.22185138181183325 0.06331085120114516 0.020128527738351706
1 0.30877923919155026 0.32161886712366367 0.08441446826819358 0.018378220978495143
0 0.4615027837557163 0.35443711887097623 0.41207589115131343 0.026254601397850123
0 0.37264544873656513 0.4283875794749207 0.2898970554999805 0.028880061537635057
0 0.6364406620746701 0.4292627328548491 0.11995740227585415 0.04463282237634509
0 0.33488108135342587 0.4717076717813733 0.21214688735822343 0.047258282516130096
0 0.5875691278141371 0.4712700950914092 0.17771467003830232 0.02888006153763513
0 0.31655425600572595 0.5294677948566435 0.17549323666282354 0.024504294637993383
1 0.516483259798816 0.6029806787706237 0.08219303489271475 0.019253374358423444
0 0.45983670872410715 0.6633662619856789 0.3843079739578286 0.047258282516130234
1 0.2799006053103261 0.7246269985806626 0.08441446826819358 0.021003681118280184
1 0.5903459195334854 0.7241894218906983 0.10107521858428449 0.02012852773835178
0 0.4587259920363678 0.7727604344767209 0.19548613704213252 0.049008589275986905
1 0.35320790670112584 0.8541496988100564 0.05553583438696947 0.01925337435842337
1 0.22492012926722638 0.8550248521899846 0.04331795082183621 0.01925337435842337
0 0.46594565050667386 0.8869679505573689 0.16327535309769017 0.023629141258065117
