0 0.45875997639347077 0.14562595247087612 0.155731116478008 0.044689445731803265
0 0.4622316891811971 0.2195946902338608 0.1606907061747598 0.04623046110186543
0 0.4607438122721716 0.31783442007532486 0.5247245899163455 0.047000968786896496
0 0.46371956609022263 0.47578849550669844 0.19342399817332206 0.05008299952702082
0 0.4582640174237955 0.6060042942769528 0.2618663359884974 0.03621386119646118
0 0.4612397712418466 0.7716634465586374 0.22020578253578202 0.04545995341683437
0 0.4612397712418467 0.8771040242375409 0.10514330157113917 0.022344722865901615
1 0.2950935164006598 0.10864158358938379 0.13192508593359908 0.023115230550932734
1 0.26781577306852467 0.357515565854426 0.13093316799424876 0.018492184440746157
1 0.2846783780374809 0.37716351182271884 0.10514330157113914 0.017721676755715093
1 0.49942861190683585 0.37677825798020337 0.193423998173322 0.021574215180870552
1 0.2167319991919806 0.41299211917666456 0.17358563938631463 0.021574215180870483
1 0.5941567751147961 0.4137626268616957 0.07340192751192738 0.018492184440746157
1 0.15672096386128329 0.43071379593237963 0.09324028629893469 0.01695116907068403
1 0.2638481013111232 0.8282957614084225 0.2142542748996798 0.01849218444074623
1 0.34865708512557975 0.8105740846527073 0.06447466605777408 0.01849218444074623
1 0.7464161788050779 0.6563535724761335 0.07042617369387628 0.01849218444074623
1 0.6134991749321285 0.6925674336725948 0.06844233781517552 0.01849218444074623
1 0.728065696927096 0.6925674336725948 0.07935343514802952 0.01849218444074623
1 0.1562250048916081 0.711830125798372 0.08629686072348214 0.020033199810808214
1 0.27971878834072905 0.7114448719558564 0.07935343514802948 0.017721676755715093
1 0.6194506825682305 0.7114448719558564 0.08828069660218305 0.017721676755715093
1 0.7875807732881183 0.7122153796408875 0.08133727102673034 0.017721676755715093
1 0.46669531990827373 0.7310928179241492 0.0882806966021829 0.021574215180870625
