0 0.4667113666268311 0.1634788054469125 0.47377302416864014 0.06857165699596937
1 0.7427579796248193 0.08397543501680309 0.06291294900884381 0.026832387520161937
1 0.8172263682475324 0.0834785389516149 0.06804869994834135 0.027826179650538307
1 0.14572693290824024 0.10434817368951861 0.05007357166010015 0.01987584260752735
0 0.4705631798314542 0.2559014735719148 0.18360309608703396 0.056646151431452976
0 0.2869600837444202 0.3696906725000089 0.3017253676954754 0.05167719077957109
0 0.6471046183766792 0.370187568565197 0.29787355449085234 0.048695814388442005
0 0.4673533354942683 0.45217541932124744 0.5700683542842174 0.061615112083334866
0 0.3530828770904499 0.5532904373958225 0.5341180977077351 0.05863373569220578
0 0.4615756156873337 0.6074521085013346 0.28631811487698305 0.043726853736560115
0 0.5861175759701469 0.6541603386290238 0.5379699109123581 0.04770202225806564
0 0.34858909501838964 0.6988809844959605 0.05520932259959764 0.0437268537365604
0 0.47184711756632863 0.8062105345766082 0.5867595448375842 0.05366477504032389
0 0.5893274203073328 0.8593784135517438 0.29787355449085234 0.04472064586693662
0 0.5938212023793931 0.9150307728528204 0.3094289941047216 0.06062131995295843
