1 0.509328051389232 0.1434224577381536 0.16534707755244582 0.02649571508415684
1 0.8791445060935869 0.14227047012579883 0.08710247835352058 0.031103665533575485
0 0.4074624411113853 0.21887764634738313 0.17715758309190668 0.03455962837063943
1 0.636827827099316 0.3199992268278053 0.05234201318624507 0.02408701371286991
1 0.7294329273519078 0.3189519653620289 0.1006577176658566 0.021992490781317334
1 0.21809172160935483 0.34094445614334434 0.07649986542605064 0.019897967849762138
1 0.4267887229032297 0.4456706027210396 0.07247355671941634 0.026181536644423745
0 0.35498621763491905 0.579196439607601 0.14092080473219848 0.12567137589323438
0 0.5838147624619658 0.579196439607603 0.19863122952729062 0.2199249078131606
0 0.47577547883394644 0.7779805692552861 0.23486800788699747 0.06911925674127886
1 0.8649853204752566 0.7078140510482304 0.08992089444816485 0.029323321041754582
0 0.4777886331872635 0.9465896652453756 0.35699937198823617 0.06074116501506339
