0 0.20547955477412924 0.10548292505975258 0.1964473628305725 0.023031206344924157
0 0.23658372055563653 0.13542349330815395 0.2608384428694823 0.033164937136690754
0 0.6884126550659532 0.15983657203377355 0.21500072487568211 0.017503716822142367
0 0.694960900493639 0.1814859059980023 0.2193662218274727 0.01842496507593932
0 0.7342503730597534 0.20037149520084005 0.2979451669597016 0.017503716822142367
0 0.6905954035418485 0.21879646027677935 0.21063522792389164 0.015661220314548422
0 0.697689336088508 0.2376820494796172 0.2204575960654202 0.016582468568345412
0 0.7631717903653654 0.2984844342302169 0.4016257195647258 0.06448737776578756
1 0.6185647038373052 0.3680386773918879 0.11022879803270996 0.01381872380695448
1 0.6436663113101005 0.4021248627823756 0.055660086135328725 0.01381872380695441
0 0.7478925510340989 0.4891828227661888 0.21827484758952495 0.023952454598721074
1 0.6092880228147505 0.5960476202066368 0.09604093293939116 0.012897475553157562
0 0.7429813669633344 0.68124810418625 0.37215861514014004 0.044219916182254335
0 0.7440727412012821 0.7415898648099514 0.23464546115873952 0.04145617142086351
1 0.7833622137673965 0.8636552584380491 0.1778940007854628 0.01473997206075154
1 0.5994656546732218 0.8802377270063946 0.04365496951790497 0.020267461583533333
1 0.29333518092891303 0.7812035397232208 0.08403581632196708 0.015661220314548387
