0 0.5623762376237624 0.24653465346534653 0.297012558398697 0.07326732673267322
0 0.483254039689683 0.34455445544554436 0.49420942094209397 0.06732673267326698
0 0.28970897089708975 0.5326732673267326 0.24832197505464837 0.095049504950495
0 0.6767991084822769 0.5326732673267327 0.2970125583986971 0.09504950495049506
1 0.4680827542978519 0.29780096717410287 0.16794443404647624 0.021640030268992375
1 0.7166737730102082 0.30118222190363264 0.06318701478976312 0.03651755107892392
1 0.6185676184682093 0.4465761752734251 0.1163971325074587 0.024345034052616298
1 0.47639683519124176 0.44725242621933103 0.0947805221846449 0.022992532160804373
1 0.5819856625372937 0.4655112017587934 0.18290977965457791 0.01893502648536824
1 0.23861412164029017 0.4661874527046985 0.06817546332579677 0.022992532160804314
