0 0.4110190138022453 0.22089288716092906 0.19451040653176682 0.03884823782380344
0 0.6020560202173735 0.22089288716092903 0.14125160474330692 0.035234448258798456
1 0.8770335294512701 0.14229296412207085 0.08683500291596744 0.024393079563783556
1 0.5082742170681288 0.14184124042644522 0.16672320559865725 0.030717211302542253
1 0.1846691062012905 0.05872408043133083 0.04052300136078479 0.028910316520039787
1 0.4370695146770356 0.16758949107710566 0.052101001749580364 0.02077928999877862
1 0.7068369237359741 0.16758949107710566 0.024313800816470915 0.022586184781281063
1 0.6946800233277386 0.3171100343291865 0.1736700058319346 0.023489632172532353
1 0.882243629626228 0.31801348172043775 0.07409920248829195 0.021682737390029842
1 0.21940310736767743 0.3396962191104676 0.0775726026049308 0.021682737390029842
1 0.45038421512415056 0.4219099317143308 0.06946800233277393 0.01987584260752733
1 0.5679009190704264 0.4228133791055821 0.07757260260493076 0.023489632172532353
1 0.36354921220818326 0.4458512875824887 0.19451040653176682 0.028006869128788595
0 0.4880127163877364 0.5800132251832985 0.39249421318017225 0.22766874259531342
1 0.866613329101354 0.7037855177847188 0.0891506029937264 0.028910316520039885
0 0.4874338163682967 0.7782036654478196 0.22229760746487634 0.07137234390884828
0 0.4885916164071762 0.9453414328292996 0.34734001166386924 0.0749861334738533
1 0.4301227144437582 0.8956518263104813 0.04283860143854383 0.02439307956378343
