0 0.49864953963316083 0.16287537844693567 0.6635255970925124 0.07364372800916452
0 0.6524668371409704 0.31834547091072746 0.25937818795434586 0.05727845511823908
0 0.32170938040849095 0.31916373455527375 0.06434187608169811 0.04582276409459127
0 0.5871196192454957 0.2618852794370346 0.09249144686744103 0.03927665493822108
0 0.7891933238145791 0.26024875214794213 0.09450213049499424 0.04582276409459127
1 0.685643116995596 0.3813517715407905 0.052277774316379894 0.019638327469110522
1 0.7731078547941546 0.3838065624744293 0.11058759951541873 0.024547909336388115
0 0.6926805096920318 0.40426315358808607 0.0663525597092513 0.026184436625480714
0 0.6253226081690041 0.6824727927338188 0.1890042609899883 0.045822764094591545
0 0.6223065827276745 0.7692087390557237 0.32372006403604386 0.06546109156370193
0 0.6011944046383669 0.8256689305294167 0.2694316060921111 0.05727845511823909
0 0.6192905572863444 0.879674331069471 0.3377948494289152 0.060551509696423436
0 0.35287497663556344 0.8772195401358311 0.10254486500520658 0.02945749120366585
0 0.3217093804084908 0.8232141395957778 0.09249144686744114 0.03273054578185082
1 0.6373867099343227 0.6292856558383112 0.06836324333680417 0.02127485475820302
1 0.7188193968502216 0.6145569102364772 0.05026709068882709 0.021274854758203118
1 0.26038352976812223 0.6317404467719498 0.06635255970925122 0.016365272890925483
