0 0.3654185505255728 0.17822736030828515 0.3516997653522578 0.07514450867052024
0 0.6647374997615368 0.18208092485549135 0.2170062381960739 0.06358381502890176
1 0.7487636857718943 0.09928296846292267 0.26551711524738714 0.020428594333934704
1 0.25469675859331453 0.3244024388976031 0.23340104299186681 0.021056291494876974
1 0.5264300896677873 0.30597818383958575 0.13629257984926532 0.018424255058017317
1 0.48639414433706557 0.41915575062454935 0.277696131442878 0.0210562914948769
1 0.19506875490926096 0.4375800056825666 0.15503280957853924 0.023688327931736523
0 0.5076898599385131 0.47969258867232045 0.48383865846489177 0.04737665586347298
1 0.21466081326259284 0.523779198989719 0.06473897542840107 0.0250043461501663
1 0.32880584888635256 0.5428614631569512 0.1056267493831806 0.023688327931736454
1 0.5281337469159031 0.626428620027244 0.19762424078143467 0.022372309713306678
1 0.2640668734579515 0.6441948659760465 0.13629257984926535 0.01842425505801728
1 0.45146917075069126 0.6441948659760465 0.1635510958191184 0.015792218621157587
1 0.2606595589617199 0.7132858224436114 0.1328852653530337 0.017108236839587506
1 0.5860580933518408 0.6942035582763793 0.12266332186433886 0.018424255058017137
1 0.46269720902726114 0.7552986512524085 0.18208569411854483 0.019267822736030667
1 0.2132647513306244 0.7736030828516377 0.197051641580343 0.017341040462427914
1 0.4626972090272611 0.7736030828516377 0.22698353650393932 0.017341040462427914
1 0.7021523684160322 0.7890173410404624 0.12721055342528464 0.01734104046242777
