1 0.5066505550976106 0.2049086781501047 0.154229329716769 0.016766552377834927
1 0.41800472540058903 0.30215468194154743 0.05765582419318477 0.016766552377834962
1 0.45259821991649984 0.5329742196764087 0.1614363077409171 0.01788432253635733
1 0.49151590124689953 0.4921756088903437 0.06630419782216251 0.014531012060790261
1 0.757453390337964 0.5329742196764087 0.05333163737869597 0.01788432253635733
0 0.33584517592530083 0.26023830099696005 0.09513210991875479 0.06035958856020589
0 0.43241868144888523 0.2613560711554824 0.09224931870909557 0.06035958856020585
0 0.5282714891700547 0.26191495623474353 0.08792513189460678 0.05477073776759422
0 0.39133890671124116 0.3440710628861348 0.21188515390995374 0.06259512887725052
0 0.6356554617298613 0.34462994796539603 0.2075609670954649 0.05924181840168348
1 0.3135035440504418 0.4524947682628009 0.05621442858835497 0.022355403170446594
0 0.4922365990493144 0.45137699810427856 0.21476794511961303 0.05812404824316118
0 0.3978251869329744 0.5732139453832126 0.09513210991875468 0.05365296760907192
0 0.5189024177386622 0.5732139453832127 0.10089769233807325 0.05588850792611652
0 0.6313312749153724 0.5726550603039514 0.09801490112841392 0.05477073776759418
0 0.4002683524831607 0.690158326238887 0.10638940959247414 0.06356758891516506
0 0.5127620724620884 0.692187079076605 0.10115714354694262 0.05680507945610472
0 0.6252557924410159 0.6908345771847928 0.09243670013772352 0.05680507945610472
1 0.4543351016203182 0.7503446604245206 0.1726647795025395 0.01623002270174209
