0 0.5596978236331858 0.19485368846751258 0.476524850959204 0.03169868616217908
0 0.5584471022395922 0.24799560350410693 0.459014751448892 0.04288645774883054
0 0.5584471022395922 0.5556593221370214 0.32893972651514614 0.04661571494438107
0 0.5578217415427952 0.6280065947438398 0.18260532346468175 0.04661571494438107
1 0.3101789056112404 0.5203242932223197 0.22763129363405543 0.019578600276639904
1 0.350827350903036 0.595375594282773 0.19636325879421265 0.031698686162179114
1 0.3695881718069417 0.6639006952510129 0.12632286075296492 0.02703711466774095
1 0.40648445291795615 0.7361550534148036 0.19010965182624406 0.026104800368853206
0 0.5822108087178727 0.897445427122362 0.17885315928390078 0.031698686162179114
1 0.3433230225414738 0.7851015541064038 0.03877236320140504 0.023307857472190534
1 0.467769801204048 0.8168002402685829 0.057533184105310727 0.023307857472190534
1 0.6903982092637286 0.8489650835802055 0.055031741318123155 0.024240171771078137
1 0.27193932959298167 0.12735664215389925 0.14677732109034491 0.02199796546294623
1 0.6384928943515581 0.09175467173360469 0.048925773696781576 0.020261283979029442
1 0.6920782655432712 0.13169834586369128 0.2057988893594783 0.0191034963230849
1 0.9060314505188798 0.10998982731473117 0.052808771609224724 0.018524602495112622
1 0.3414435540496696 0.1493546076168455 0.19414989562214927 0.019682390151057164
1 0.3686245394367705 0.33836344244979144 0.1832775014673089 0.019103496323084883
1 0.5309338521768873 0.33749510170783303 0.04504277578433857 0.015051239527278994
1 0.3325126588510507 0.39075333388128186 0.12658573194564135 0.021997965462946283
1 0.7227539490515709 0.44487990679668904 0.05902156826913341 0.021419071634973932
1 0.8683663707681828 0.48337634635684495 0.1110537402958694 0.020840177807001724
1 0.8248767941488215 0.5013220550239852 0.03960657870691847 0.017366814839168042
1 0.8586588759870754 0.5204255513470701 0.04504277578433857 0.018524602495112674
