1 0.22569163479171792 0.10468781640213265 0.027432132405623158 0.017328036922581072
0 0.37220416013993257 0.14704523999066418 0.2755682391655782 0.04813343589605852
0 0.46821662355961374 0.21154404409138258 0.4077412407563081 0.048133435896058466
0 0.4688400811142868 0.29144554767883973 0.37407453280395225 0.05390944820358548
1 0.4732042839969997 0.335246974344253 0.07606182167013706 0.025992055383871674
0 0.4719573688876534 0.3756790604969421 0.4177165616310802 0.047170767178137396
0 0.481309232207752 0.41514847793171017 0.33666707952355723 0.03561874256308336
0 0.41023507097500106 0.49793798767293085 0.19451875705805524 0.03176806769139866
0 0.5866735589475318 0.4974566533139702 0.061098840357978974 0.025029386665950497
0 0.4694635386689602 0.5735074820297427 0.3279386737581315 0.05390944820358556
1 0.48567343509046473 0.6885463938213227 0.08853097276360203 0.03176806769139859
0 0.4744511991063461 0.8002462410313573 0.2606052578534201 0.05294677948566431
1 0.4619820480128811 0.8777410728240116 0.11097544473183917 0.021178711794265722
