0 0.18323238664118185 0.16173918975185933 0.2581186663988823 0.02910473851575876
0 0.6160857058080319 0.16132340777306275 0.4355088610022295 0.041578197879655346
1 0.38080469919341275 0.09646141908080043 0.12427935789575809 0.02162066289742077
1 0.7908203585759995 0.09479829116561421 0.049924186505133576 0.021620662897420786
0 0.6144923807068042 0.23907463780801827 0.1200304909591511 0.04074663392206222
0 0.6150234890738802 0.3471779522951222 0.3887713246995512 0.08066170388653142
0 0.614415325502904 0.5529900317994162 0.2464342823232127 0.04324132579484164
1 0.7179814570827026 0.5051751042378124 0.215629997032811 0.015799715194269127
1 0.4545517070130613 0.5197274734956919 0.045675319568526544 0.01829440706704837
1 0.7121392650448678 0.6103679448733406 0.0616085705808031 0.019957534982234505
