1 0.09457549543399978 0.20563847429519072 0.1537956654721118 0.029850746268656712
0 0.16882167876536408 0.2943615257048093 0.2492550440410087 0.051409618573797645
1 0.5548505686303632 0.34142307835636854 0.14927955286961064 0.02780244730115619
0 0.43614039478588973 0.3986240393778213 0.7727412148544552 0.0702269224421797
0 0.2544254684802717 0.4898057693229094 0.41414099483605954 0.04417499960072597
1 0.07909392654262565 0.5779125699912648 0.10720788147483855 0.03305570159785532
0 0.18142872249588066 0.6630134187857436 0.22641105038742132 0.037275578397581624
0 0.1626860858744054 0.699937340783348 0.22940987224685735 0.03375901439780975
1 0.2635214708979423 0.7365096063809752 0.1461925656475071 0.028132511998174722
0 0.19979650638492644 0.8483363415737198 0.3036307132678994 0.03797889119753606
1 0.25581449871919176 0.8868158711033434 0.14695726522166336 0.023828237662454087
0 0.36122458648929845 0.9653639545406472 0.6366333872380453 0.06927209091870551
