1 0.25129476854006216 0.07362499933454324 0.1400659365633133 0.0294499997338173
1 0.44010914380923455 0.07475769163199775 0.15242469567184094 0.024919230543999246
1 0.5329299370942517 0.09811213559363434 0.10999137781752116 0.02039607119867648
1 0.2135879080875123 0.11745323759237962 0.1065807924588385 0.023912635198448537
1 0.45616579172382854 0.22189518838560346 0.15177104846138598 0.026022573598311675
1 0.5473989500685944 0.24440119798414325 0.05627465841826677 0.01898944559876796
1 0.7181758808511105 0.24193873459299503 0.05468020976308239 0.016169161270950985
0 0.23780732736585874 0.31214693484843997 0.32292274822348715 0.04935849230079772
0 0.3786346600575712 0.43043711467276535 0.6087042218909182 0.05786857718024543
0 0.25895721982139064 0.5501769874563045 0.3693493414185572 0.06382563659585905
1 0.17023084171525682 0.48252181266469407 0.12174084437818365 0.027232271614233097
1 0.21126376671931002 0.6639865263818338 0.07118744289910736 0.02239597892661309
1 0.14832994038821495 0.6895585147879764 0.19705509556129716 0.026879045838587235
0 0.2857422237491504 0.9601843580191124 0.43759783217810705 0.06684377850805973
