0 0.6160265297964789 0.30092353805421546 0.4295280043959086 0.06385933741325057
1 0.4142898067613123 0.13351658343349782 0.12431746401060095 0.05490709385064536
1 0.6435699200263726 0.13590384838352587 0.2657564949208654 0.038196239200448935
0 0.6102346715720356 0.21257173940184232 0.3141090057993583 0.06343778223204989
1 0.42740404796744724 0.39567624720798633 0.21460119098505764 0.022107105929350793
1 0.6042533948275208 0.3961028723431248 0.07667484307240656 0.019694935837731506
1 0.7274542349098829 0.39461083174935735 0.06104210807706167 0.01909811960022445
1 0.7531365852593782 0.4128137269933213 0.058808860220583764 0.014920405937675412
1 0.7952856131561962 0.518450201032063 0.06104210807706167 0.02088856831274548
1 0.4011173664878535 0.603198106758059 0.07220834735945082 0.019694935837731506
1 0.5161296310964635 0.6202073695270088 0.07444159521592873 0.021485384550252534
1 0.5049633918140741 0.6366198160584517 0.07295276331161013 0.019694935837731437
1 0.6084372091642151 0.7139075188156102 0.17865982851822884 0.02745354692532274
1 0.6039707134512592 0.9349470301117355 0.1250618799627602 0.03222807682537877
