1 0.1797119733277909 0.256611572447791 0.04778654212437554 0.025274952091960148
1 0.1797119733277909 0.256611572447791 0.04778654212437554 0.025274952091960148
1 0.8924802802201549 0.27673792318768525 0.042097668061949915 0.026211061428699445
1 0.3412283835711078 0.29733232859594905 0.16611512262282943 0.02433884275522093
1 0.13880852712318628 0.29826843793268837 0.15473737449797814 0.022466624081742347
0 0.15815069893543354 0.3567752714788924 0.23665716099690776 0.04586935750022399
0 0.2406393728406057 0.43025985441292475 0.41301225693210336 0.041188810816527595
1 0.5324786122430405 0.27814208719279393 0.0864708857488699 0.025274952091959593
1 0.4340610909630733 0.46536395454064505 0.11491525606099916 0.02527495209196168
1 0.7179359066781191 0.46255562653042936 0.07964423687395922 0.032763826785874244
