0 0.46548564634054984 0.14201617661372612 0.35567220627922114 0.045635736299822066
0 0.4619289242777576 0.21479730778154582 0.527411071596902 0.059011727973907815
1 0.45430737700034585 0.3493440475620558 0.09145856732894267 0.02439151422921526
1 0.5925114342974146 0.3489506360422297 0.10162063036549178 0.025178337268867423
1 0.34608140566109574 0.3886851995446607 0.04979410887909083 0.0259651603085188
0 0.4649775431887217 0.4292065860867444 0.19409540399808797 0.039341151982605085
0 0.46192892427775767 0.5086757130916071 0.3343318739024679 0.0550776127756474
1 0.6575486377313287 0.5570653300302113 0.18291713465788606 0.02439151422921515
0 0.3796162136817094 0.6148968234446411 0.08434512320335813 0.031472921586084154
0 0.4659937494923774 0.6601391482246365 0.14938232663727302 0.02753880638782373
1 0.2129583798823029 0.8804028979728801 0.10466924927645653 0.023604691189563168
