1 0.44363043907120725 0.20563102476736378 0.07214449107518646 0.017977163013862523
1 0.3825403458220575 0.25866365565825833 0.15476156956451292 0.017977163013862558
1 0.40348552065033744 0.30944914117242 0.18501571098313951 0.01887602116455568
1 0.6292279604662435 0.3148422900765787 0.045381212127939816 0.03146003527425943
1 0.23185144914082115 0.22405761685657294 0.060508282837253236 0.01887602116455568
1 0.3813636749907255 0.5488506620690253 0.1667880445905384 0.01737144048327359
1 0.4403953986379385 0.6704507454519397 0.09744919459222466 0.017371440483273375
1 0.5734510297157837 0.6530793049686662 0.3073397675600933 0.014476200402728097
1 0.2548671243181261 0.6190602340222556 0.026236321620983532 0.015923820443000808
1 0.805829878358781 0.6183364240021193 0.15741792972590132 0.014476200402728026
