1 0.5670929293066979 0.14093580114458915 0.0963701980333905 0.01891685745219185
1 0.22372667253418377 0.16280841757368594 0.030352818278232822 0.02601067899676378
1 0.28746759091847385 0.162808417573686 0.05311743198690827 0.02364607181523981
1 0.42595232431291324 0.16458187295982896 0.08878199346383234 0.022463768224477824
0 0.29884989777281135 0.20655365043187962 0.17756398692766467 0.04374523285819361
1 0.29050287274629727 0.26271307099307417 0.15479937321898973 0.023646071815239793
1 0.6019986703266662 0.26241749509538365 0.07815850706645051 0.02187261642909686
1 0.7162011490985191 0.2630086468907647 0.09257609574861149 0.020690312838334855
1 0.666118998939434 0.2423183340524298 0.06525855929820161 0.02187261642909686
1 0.2229678520772282 0.28162992844526596 0.07436440478167153 0.01773455386142981
1 0.7241687638965552 0.28429011152448047 0.07512322523862736 0.018325705656810812
1 0.5883399021014611 0.30172908948821986 0.15252291184812222 0.026010678996763837
1 0.24649128624285896 0.32241940232655464 0.06222327747037817 0.02009916104295382
1 0.5959281066710196 0.3253751613034596 0.08271142980818567 0.021281464633715858
0 0.37738781506773994 0.36025311723093834 0.17376988464288548 0.047292143630479656
0 0.4278493754553028 0.4926711193962814 0.1821169096693997 0.05556826876581361
0 0.47337860287265265 0.5760235225450018 0.22309321434501456 0.0626620903103855
1 0.4528904505348452 0.6194731795055047 0.034905741019968274 0.019508009247572886
0 0.46819222194174825 0.7193778329248931 0.4431511468622058 0.0620709385150046
0 0.41393655926940626 0.8003656288920894 0.18439337104026698 0.04788329542586069
1 0.6544826441244049 0.8420418304664494 0.03566456147692407 0.02246376822447772
1 0.36023010717199566 0.10536075369321782 0.04900145141812622 0.02092234903025547
1 0.2059805618790026 0.24151988997117194 0.05416073885109242 0.017765643737971324
1 0.679174385525389 0.14314263777215586 0.05074006060786559 0.01998634920521772
1 0.5335105036679773 0.2821588000217814 0.052450399729479 0.02087463139211625
