0 0.6615485073800018 0.3735397953839745 0.33503279067434166 0.02436359018306021
1 0.718201282479453 0.34917620520091425 0.18851699300334665 0.018272692637295192
1 0.8236926568025694 0.287505867550043 0.07130435486655089 0.01979541702373641
1 0.8026920591363935 0.25552865543477643 0.07032758288207759 0.021318141410177703
1 0.8427397104997988 0.4432044360636624 0.13479453385731532 0.017511330444074533
1 0.5882906085445042 0.45919304212129575 0.11037523424548269 0.019034054830515786
0 0.52040495562361 0.6297381734027173 0.1035378303541696 0.02055677921695711
0 0.6302918038768561 0.6301188544993277 0.06349017899076437 0.018272692637295192
0 0.6317569618535661 0.6560051690688291 0.058606319068397854 0.018272692637295192
0 0.4959856560117775 0.655624487972219 0.05274568716155805 0.026647676762722058
0 0.5077069198254571 0.6815108025417203 0.07618821478891726 0.01751133044407467
0 0.5418939392820227 0.7713515413417548 0.14651579767099485 0.02360222798983969
0 0.5355449213829462 0.800283304684139 0.13381776187284203 0.03121584992204589
0 0.5116140077633503 0.8276923436400817 0.08009530272681055 0.01903405483051557
0 0.716736124502743 0.7987605802976978 0.13284098988836873 0.019034054830515856
