1 0.3027316540158926 0.09969564436273182 0.05145542171226946 0.02723227161423317
0 0.48633395421648784 0.2486221297530692 0.3882545456471223 0.06467664508380327
1 0.24016653897938234 0.3035121772255063 0.08303033958116203 0.02808328010217883
0 0.4991978096445577 0.37116735201711876 0.301715881858307 0.06808067903558296
1 0.8701920043167749 0.41669630612216485 0.08653866378881687 0.034891348005736234
1 0.1270119929952465 0.4698843366187128 0.08770810519136706 0.030636305566009825
0 0.48953882778623564 0.5213703501393718 0.5040292444997312 0.06722967054764147
1 0.2030256841610997 0.9404294058438648 0.07601369116585258 0.027232271614233097
1 0.6246093097809424 0.9621301222864572 0.280665936612378 0.02467924615039813
1 0.38370438085531844 0.9872348726808282 0.4163211393083617 0.025530254638343592
1 0.8725308871218749 0.9868093684368557 0.08186089817861535 0.02638126312628821
