1 0.2774266185378988 0.11508266946057619 0.09629684279827892 0.021878834498208412
1 0.31411113008010033 0.13214816036917879 0.06190511322746506 0.01925337435842337
1 0.4190059052710828 0.1334608904390713 0.06992985012732163 0.018378220978495053
1 0.25277921234548223 0.1527142647974947 0.1570555650400502 0.02187883449820843
1 0.4327625970994083 0.17109248577598976 0.09515045181258515 0.018378220978495
1 0.6190511322746503 0.1706549090860256 0.11463909856937975 0.01925337435842337
1 0.6167583503032626 0.20916165780287244 0.06878345914162785 0.021003681118280076
0 0.47575225906292573 0.3045533762150611 0.3989440630214414 0.05250920279570025
1 0.6992985012732161 0.39906994124732137 0.06190511322746516 0.019253374358423444
1 0.8254015096995337 0.41744816222581654 0.06419789519885243 0.021003681118280042
1 0.45855639427751865 0.4371391132742039 0.061905113227465024 0.020128527738351706
1 0.8099252313926675 0.48059646901253217 0.09973601575536037 0.021878834498208447
1 0.20520398643918958 0.5007249967508839 0.10088240674105407 0.021878834498208308
1 0.5038388382124238 0.49984984337095556 0.08139375998425961 0.020128527738351706
1 0.7801190657646287 0.49984984337095556 0.14100609124033694 0.020128527738351706
1 0.4883625599055575 0.519103217729379 0.084832932941341 0.018378220978495036
1 0.19374007658225167 0.5738003039749 0.16278751996851917 0.0192533743584233
1 0.15877515151859087 0.633310733810027 0.09056488786980996 0.028004908157706794
0 0.4264574466780924 0.6621907953476619 0.1398597002546432 0.02800490815770672
1 0.406395604428451 0.6906332801953329 0.18227616672531372 0.02012852773835178
1 0.3198430850085693 0.7120745380035771 0.084832932941341 0.01925337435842337
1 0.4425069204778056 0.7488309799605674 0.05961233125607748 0.021003681118280184
1 0.6608944032524738 0.7475182498906747 0.09285766984119746 0.01837822097849511
1 0.8236819232209931 0.7462055198207824 0.053880376327608275 0.01925337435842337
1 0.3112451526158658 0.7676467776290266 0.1364205272975618 0.020128527738351637
1 0.43104301062086764 0.7855874219175573 0.1444452641974184 0.0210036811182799
1 0.7548984640793652 0.8240941706344043 0.11807827152646098 0.01925337435842337
0 0.47804504103431333 0.8853549072293877 0.243034888967085 0.047258282516130234
