1 0.23787612953146287 0.1373990806487488 0.08368654195564716 0.019253374358423427
1 0.23157097911014696 0.15621487831720804 0.09171127885550373 0.02012852773835174
1 0.3605399650006991 0.1557773016272439 0.07451541407009678 0.0175030675985667
1 0.7978881260428827 0.15621487831720807 0.08941849688411609 0.018378220978495074
1 0.4167131232996952 0.2699848177078918 0.06763706815593394 0.021878834498208377
0 0.48549658244132293 0.442390033553774 0.19374007658225167 0.03413098181720514
1 0.44136052949211185 0.4078214750466047 0.10776075265521698 0.02275398787813664
1 0.6351006060743635 0.4752082853010866 0.11005353462660444 0.022753987878136782
1 0.8219623367424523 0.47433313192115834 0.08024736899856577 0.022753987878136712
1 0.16966586588268193 0.5316556783064644 0.061905113227465024 0.021878834498208377
1 0.3215626714871101 0.5312181016165002 0.09515045181258522 0.01925337435842337
1 0.30322041571600916 0.5509090526648873 0.08597932392703476 0.020128527738351706
