1 0.3319215817944247 0.24705672361156517 0.12711890366594994 0.019677084181452108
1 0.6173506015999143 0.3049948048125074 0.12829593055174585 0.019677084181452108
1 0.7215174809928455 0.3257650603373736 0.1224107961227665 0.019677084181452108
1 0.4643691143536985 0.32608637718413547 0.13803315297060215 0.01987584260752733
1 0.6853291615508251 0.34397463553091 0.1840442039608029 0.021863426868280057
1 0.6280828539234824 0.38571390500671754 0.22363510830120809 0.027826179650538307
1 0.41996310002594667 0.34546532372647465 0.13482307964570445 0.020869634737903694
1 0.2599944460018767 0.5085697915288858 0.21079481500161726 0.024844803259409146
0 0.4590189921455356 0.579129032785608 0.2471756460171247 0.040745477345431096
1 0.6938893570838858 0.506085311202945 0.14338327517876506 0.03378893243279649
0 0.3557616335279921 0.8086950149025489 0.16478376401141656 0.03279514030242026
0 0.5751166440626699 0.8086950149025491 0.1647837640114166 0.04074547734543117
1 0.649483342756134 0.6238496786525446 0.11449261525468557 0.030807556041667395
1 0.7602308724651052 0.6472037937163893 0.05350122208162858 0.025838595389785512
1 0.3027954236671797 0.6472037937163893 0.052431197639996194 0.01987584260752733
1 0.17974261287943358 0.7629805769052362 0.07811178423917799 0.0268323875201618
1 0.5146602631104295 0.7401233579065797 0.06741153982285226 0.024844803259409076
1 0.5697665218545072 0.692421335648514 0.05992136873142399 0.02484480325940922
1 0.1497819285137215 0.7172661389079232 0.05671129540652647 0.020869634737903767
