1 0.19853278626904264 0.09859168041312116 0.16688894642008126 0.025991154611158026
1 0.5424061110432724 0.11732099603985863 0.3443154017604466 0.020763623281011244
0 0.5142464871074739 0.3447321081652198 0.541432769311037 0.0444934784593098
0 0.4470473845334089 0.38873121464164856 0.4044745983505619 0.03757227069897276
1 0.30816923921367484 0.4287753452550273 0.034559538466661835 0.016808647417961568
1 0.5737656922445027 0.4307528331865522 0.3993546667258713 0.028673575007110798
1 0.1801709485964084 0.454977060347732 0.06783909402715116 0.025707343109823456
1 0.36576846999144474 0.47475193966298085 0.29823601713823084 0.019774879315248767
1 0.23201025629640135 0.7120504914459665 0.22527699148638894 0.019774879315248767
1 0.3382488375087324 0.7318253707612155 0.07423900855801452 0.01581990345219907
1 0.7625631709049706 0.7140279793774914 0.07295902565184206 0.019774879315248767
1 0.15009135030135082 0.8173517237996664 0.07167904274566919 0.014831159486436717
