1 0.1694528894227227 0.11377415934392526 0.1972030141713916 0.015661220314548387
1 0.37078890089710753 0.11331353521702678 0.19366044505454028 0.016582468568345377
1 0.12694206002050656 0.12851413140467674 0.11218135536695929 0.011976227299360556
1 0.2721873938114117 0.12759288315087974 0.1098196426223917 0.015661220314548387
0 0.2550649764132969 0.1782615371097129 0.19602215779910778 0.0248737028525181
1 0.16000603844445244 0.21649333964228695 0.17830931221485105 0.01473997206075147
1 0.3831878928060873 0.21741458789608392 0.04369168577450004 0.01473997206075147
1 0.29993751856008055 0.2625557523321353 0.07793652057072954 0.018424965075939354
0 0.23203827715376313 0.4237741967466042 0.32237378963347246 0.03684993015187857
0 0.6878488368553031 0.10179793204456472 0.3318206406117427 0.023031206344924122
0 0.6864922550127898 0.12797395103577006 0.32477942722210557 0.027441610600572517
0 0.6794573215711557 0.1613612439331333 0.30836458252495946 0.03384465307403943
0 0.7105282776050394 0.22264750760774532 0.21808293669065562 0.01920912742040077
1 0.6349027431074733 0.289879453579148 0.06683186769552335 0.016464966360343496
1 0.5686571198654193 0.30405761905611045 0.08441920129960863 0.013720805300286259
1 0.6096942316082847 0.36442916237737 0.06331440097470654 0.013720805300286259
1 0.753910367161783 0.2907941739325004 0.12193884632165677 0.010976644240228985
1 0.7427717225458622 0.3648865225540462 0.14890609118125425 0.016464966360343496
1 0.5680708754119499 0.3776926075009801 0.08324671239266962 0.012806084946933893
0 0.618408155741668 0.7524369049903137 0.1598848509462284 0.04324132579484157
0 0.6327977923268285 0.9021184173570731 0.5254882101099376 0.0931351632504277
