0 0.6197190117626132 0.12318095043647138 0.2953499556579365 0.028173386883254457
0 0.6248779629531449 0.17147818509347906 0.29534995565793637 0.022136232551128537
0 0.5778025333395438 0.19361441764460757 0.20377857202599992 0.018111462996377874
0 0.5036426099756514 0.2117258806409854 0.06835610327454418 0.02012384777375317
0 0.6197190117626132 0.26102930768668076 0.27729362649107564 0.020123847773753277
0 0.6177844050661638 0.6101780665612987 0.2527886083360504 0.026161002105879162
0 0.6229433562566955 0.662500070773057 0.2347322791691896 0.03219815643800501
0 0.6190741428637968 0.7118034978187524 0.14703010893015175 0.028173386883254495
0 0.6210087495602461 0.8023608128006416 0.29019100446740476 0.042260080324881814
0 0.6132703227744487 0.8833593000899982 0.09415085922720244 0.03521673360406794
0 0.5700641065537462 0.9220977070544731 0.05932793869111393 0.022136232551128357
0 0.7067763131028347 0.9220977070544731 0.06190741428637949 0.03219815643800501
0 0.8241424526874295 0.9200853222770979 0.05158951190531638 0.028173386883254495
0 0.13929168214435428 0.7912926965250773 0.06964584107217714 0.012074308664251987
0 0.20571317872244915 0.7671440791965736 0.052879249702949306 0.014086693441627319
