1 0.2633659511561434 0.10666066606660671 0.12052340137654025 0.032403240324032384
1 0.2633659511561434 0.19036903690369036 0.11159574201531502 0.03060306030603062
1 0.27452552535767494 0.3478847884788479 0.14284254977960326 0.03240324032403237
0 0.5222680726316742 0.29207920792079206 0.3437148854071701 0.03600360036003597
1 0.7108648766375566 0.23987398739873989 0.26559786599644963 0.025202520252025167
1 0.24774254727399936 0.4540954095409541 0.0758851045704142 0.0288028802880288
1 0.2667138234166029 0.5441044104410442 0.11829148653623392 0.028802880288028732
1 0.2644819085762966 0.6197119711971197 0.12275531621684653 0.02520252025202531
1 0.3995127564148278 0.6962196219621962 0.379425522852071 0.05580558055805568
1 0.7744744495862862 0.4207920792079208 0.12052340137654027 0.016201620162016185
1 0.48878935002707974 0.41989198919891974 0.06249361552857639 0.021602160216021526
1 0.5825297733199445 0.4216921692169214 0.0892765936122519 0.01800180018001803
1 0.5518428879112632 0.3204861125413137 0.1036610949667567 0.015984113266869392
1 0.673797117283918 0.31925656536693986 0.07012368188927655 0.0209023019643679
1 0.7873669933872028 0.3198713389541264 0.09299009989664925 0.019672754789992978
1 0.623490997667698 0.4022509996372222 0.08536796056085852 0.01721366044124387
1 0.4855302756898823 0.5682398681777886 0.11128323430254759 0.019672754789993568
1 0.673034903350339 0.5879126229677815 0.07164810975643483 0.017213660441243946
1 0.7515429385089858 0.6204956230887065 0.08536796056085814 0.02090230196436755
1 0.6981879631584491 0.7336139631311673 0.06402597042064401 0.02336139631311667
1 0.7843181376528865 0.7342287367183548 0.09908781136528205 0.02459094348749133
1 0.4923902010920941 0.7741890198855279 0.13414965230992032 0.028279585010615022
1 0.4619016437489303 0.5129102453309331 0.08536796056085841 0.019672754789992978
1 0.2850680111585807 0.5135250189181203 0.09146567202949107 0.018443207615618462
1 0.5955154596635448 0.7522611547406359 0.06289941822681384 0.016365272890925552
