1 0.4529065819528897 0.06664391145853332 0.03427401160724571 0.02856167633937142
1 0.6524302923807843 0.0680719952755019 0.02692958054855012 0.029513732217350475
0 0.5257388566182868 0.16422963895138568 0.7062894534778846 0.0656918555805543
0 0.25583101521122625 0.21326051666730617 0.12485532799782267 0.024753452827454846
0 0.2760282006226395 0.2541989194204057 0.16280155513441713 0.053315129166826694
0 0.4681407841661335 0.4131922510429066 0.642637717635857 0.07426035848236566
1 0.6303303033789927 0.34845245134033137 0.04896287372463668 0.026657564583413347
1 0.7943559303565257 0.3246510543908552 0.04896287372463675 0.024753452827455256
1 0.14008953021106746 0.4679354640267019 0.06487580768514369 0.025705508705434213
1 0.4889500054991041 0.5083978388408112 0.10894239403731674 0.02475345282745522
1 0.13458120691704584 0.6464459411477732 0.12975161537028732 0.02094522931553904
1 0.12662473993679235 0.6245486559542551 0.1064942503510849 0.02094522931553904
1 0.6536543642239002 0.4879286374642618 0.12240718431159181 0.02189728519351803
1 0.813395739750525 0.6792918689380495 0.10894239403731655 0.02951373221734942
0 0.47555191105053296 0.7867394833326881 0.27296802101484763 0.038082235119161485
0 0.5496082575590472 0.8181573273060017 0.12240718431159181 0.02475345282745522
1 0.6536543642239002 0.8595717579980903 0.1664737706637648 0.0238013969494763
0 0.47555191105053424 0.9376403399923723 0.2803124520735454 0.06188363206863798
1 0.36085240456145695 0.09235060039852712 0.041476814518803876 0.025178337268867354
1 0.4468409224662937 0.09235060039852716 0.037430296029164395 0.025178337268867434
