0 0.40173343112089105 0.23318826316071964 0.1956958892192856 0.05041143414935714
0 0.6427734897934262 0.233803036747907 0.19410486572969898 0.05164098132373172
0 0.518673657605586 0.3315520371106848 0.2577458053132053 0.06270690589310285
0 0.3547982381780542 0.4200794336656534 0.10182550333361202 0.033197773708113304
0 0.5775415267203305 0.4231533016015898 0.3213867448967129 0.06639554741622632
0 0.412075083803211 0.5116806981565585 0.14001006708371647 0.06393645306747729
0 0.6085664847672905 0.5122954717437458 0.157511325469181 0.06762509459060112
0 0.4295763421886755 0.6438570194018242 0.13046392614619037 0.06762509459060112
0 0.6093619965120841 0.6432422458146368 0.1400100670837164 0.06639554741622647
0 0.5170826341159984 0.7280810008464818 0.203651006667224 0.05164098132373155
