0 0.4053277437570347 0.25337186897880537 0.4464840992769797 0.05202312138728324
0 0.7370729124935613 0.25529865125240847 0.17709704496461215 0.04431599229287087
1 0.24114877952292985 0.18497109826589594 0.09983866668146771 0.015819903452199035
1 0.6725030189031175 0.18694858619742086 0.08191890599505051 0.019774879315248805
1 0.47474565989944095 0.3550350603770356 0.2828762222641587 0.019774879315248767
1 0.4017866342475992 0.18694858619742086 0.0473593675283886 0.019774879315248805
1 0.42674630091796617 0.45390945695327956 0.13311822224195707 0.01779739138372399
1 0.36722709578093726 0.4731899642856472 0.15743789745923764 0.018786135349486272
1 0.8261009676438371 0.48802112377208373 0.053759282059251914 0.016808647417961425
1 0.5041852667414123 0.5379526940430871 0.1497580000222016 0.019774879315248624
1 0.8133011385821105 0.5404245539574931 0.11263849574319437 0.014831159486436506
0 0.49138194166237426 0.6011560693641619 0.6734676357809191 0.03853564547206169
1 0.34421679162135865 0.6695568400770714 0.09977298307865468 0.01734104046242763
1 0.6797034472233351 0.6859344894026975 0.15215379919494837 0.019267822736030667
1 0.2993189492359641 0.7023121387283237 0.2494324576966367 0.01734104046242777
1 0.3454639539098418 0.7273603082851637 0.12222190427135199 0.01734104046242777
1 0.3105434098323127 0.7447013487475915 0.2269835365039394 0.021194605009633848
1 0.2681398920238845 0.7630057803468208 0.31677922127472863 0.02697495183044296
1 0.6148510082222094 0.8439306358381503 0.06734676357809186 0.01926782273603081
