1 0.5147295525765148 0.1619033752867422 0.12151744448354243 0.02975521491756343
1 0.17138545236122263 0.18509493985484315 0.11578548955507349 0.023629141258065117
1 0.34277090472244526 0.18597009323477154 0.09171127885550369 0.028880061537635095
1 0.5112903796194332 0.18684524661469978 0.09629684279827899 0.021878834498208412
1 0.6230635007245786 0.18509493985484304 0.051587594356220734 0.023629141258065048
1 0.6803830500092684 0.18597009323477146 0.04929481238483319 0.023629141258065083
0 0.4809110184985478 0.22403926526165413 0.27398744558081745 0.029755214917563465
0 0.3616863559863929 0.2923012288960644 0.31755030303718174 0.04550797575627346
0 0.6694923356451775 0.2918636522061002 0.17654421179684462 0.03588128857706177
0 0.4786182365271603 0.4008202480071781 0.2969152652946935 0.050758896035843576
0 0.3708574838719433 0.48789800931004756 0.25793797178110434 0.0306303682974918
0 0.5267666579262996 0.5338435617562852 0.48950895089125135 0.07001227039426688
1 0.24418127995277875 0.5885406480018063 0.12151744448354243 0.02712975477777846
0 0.37544304781471843 0.634486200448044 0.12495661744062385 0.050758896035843576
0 0.5731954928468985 0.6331734703781515 0.15132361011158124 0.0288800615376352
0 0.508424402155199 0.7250645752706268 0.5284862444048405 0.05163404941577184
0 0.47747184554146643 0.8200187169928513 0.1662266929256006 0.050758896035843576
0 0.3960780855572068 0.9037331282078828 0.1134927075836859 0.05075889603584344
0 0.5663171469327356 0.9032955515179186 0.12381022645493019 0.032380675057348186
