0 0.47636572693489926 0.1382042253521127 0.3569900674404734 0.03697183098591552
0 0.4716911336730602 0.21726613890792315 0.5377920680517339 0.06062131995295847
1 0.3741441237161824 0.26397436903561244 0.07572728404547086 0.02086963473790373
1 0.7258267648765049 0.26397436903561244 0.052624044845157696 0.02086963473790373
1 0.2567026577812572 0.28285641951276347 0.04877350497843889 0.016894466216398278
1 0.5397173379850934 0.2833533155779516 0.04235593853390753 0.01987584260752733
1 0.7919276992551787 0.28235952344757526 0.053907558134064004 0.019875842607527405
1 0.4562889742061848 0.34993738831316823 0.09112944351234631 0.02186342686828013
1 0.5936248961191574 0.3484467001176037 0.1039645764014093 0.02285721899865642
1 0.6584423172089248 0.3683225427251308 0.10524808969031546 0.01888205047715097
1 0.38120344680516705 0.3668318545295665 0.0975470099568777 0.017888258346774606
1 0.34783210129360354 0.39018596959341123 0.046206478400626236 0.026832387520162017
0 0.46591532387298185 0.427453174482525 0.19509401991375547 0.027826179650538307
0 0.4652735672285287 0.5104348173689517 0.32986291524891553 0.04670823012768935
0 0.37671115029399505 0.6137891989280939 0.0885624169345337 0.026832387520161944
0 0.5519107142297031 0.6127954067977176 0.09497998337906516 0.024844803259409288
1 0.49928666938454536 0.5765219940389801 0.08214485049000247 0.019875842607527405
0 0.46655708051743505 0.6606199874764702 0.147604028224223 0.030807556041667395
0 0.2650454941591481 0.7808688352520108 0.1142326827126595 0.08447233108199115
1 0.21498847589180292 0.8792542561592711 0.10396457640140916 0.020869634737903625
