0 0.4786556981095419 0.18578446981321015 0.27481178881998913 0.058921935410014864
0 0.4801656529931682 0.2795785710781318 0.27783169858724177 0.051707004543482496
0 0.4763907657841023 0.38419506864285197 0.29746111207438397 0.054111981498993274
1 0.8327401183199126 0.32226691203844865 0.0649280599959316 0.026454746510618996
1 0.10720679673746851 0.09138912430941082 0.10569684185384204 0.021644792599597302
1 0.44996655532064195 0.09259161278716622 0.19025431533691567 0.021644792599597302
1 0.7451627350695864 0.11423640538676352 0.17364481161702627 0.024049769555108114
1 0.09512715766845799 0.13347622103085 0.06945792464681044 0.024049769555108114
1 0.4046679088118525 0.4803941468632846 0.19931404463867344 0.02284728107735269
1 0.43637696136800513 0.5038426721795148 0.27179187905273666 0.024049769555108114
1 0.4341120290425657 0.5260887090179899 0.27028192416911034 0.025252258032863607
0 0.488470404853113 0.6475400452712858 0.44543669066976294 0.06373188932103645
1 0.3201104353287787 0.5773253000689748 0.10569684185384201 0.01803732716633114
1 0.48092063043498123 0.5785277885467301 0.06492805999593144 0.018037327166331066
0 0.4794106755513549 0.7486799081491202 0.6417308255411837 0.06493437779879187
0 0.4779007206677286 0.8496889402805741 0.7927263139038152 0.06974433170981342
1 0.17364481161702616 0.9013959448240566 0.1660950371988946 0.028859723466129878
1 0.3759787660229524 0.9242432259014092 0.09663711255208413 0.02164479259959748
1 0.3042559090507026 0.07214930866532432 0.043788691625163204 0.021644792599597302
