1 0.10830896654155688 0.09324076045327516 0.10324779988073646 0.022033839646018922
1 0.4484193661486887 0.09243464436866472 0.19097468866829026 0.02364607181523981
1 0.8680722557079481 0.09270334973020151 0.0371152221793497 0.02310866109216617
1 0.7415430891874376 0.11446848401468362 0.164656622032024 0.027945357599828854
1 0.09245064433765289 0.13354656468379758 0.0715311554729285 0.023108661092166187
0 0.4740626105635121 0.18675022626808713 0.26925406635564614 0.05535330447658406
0 0.47144098045517313 0.2826527278288022 0.28010300930809445 0.054457596220401534
0 0.48196128127425636 0.38580798220783197 0.29588346053671943 0.04922128889151686
1 0.8324188023099708 0.3229722942612149 0.06575188011927097 0.024087013712869948
0 0.40042894992636036 0.47912212059295567 0.20646090357451094 0.028276059575977685
0 0.4306748147812287 0.5042563957716034 0.26695263328424274 0.021992490781316175
0 0.4319898523836105 0.5225834714226992 0.26169248287469865 0.020945229315539108
0 0.4753860932623293 0.6524438931790414 0.4431676720038865 0.05864664208350945
0 0.4734135368587512 0.7498392094962978 0.6312180491450016 0.05655211915195551
0 0.4760436120635221 0.8549542869898923 0.7916526366360229 0.06597747234394788
1 0.3754432354810374 0.9230262822653941 0.09862782017890652 0.01989796784976207
1 0.17358496351487546 0.9031283144156319 0.1709548883101046 0.021992490781315866
