1 0.6462866417430537 0.2911630423739265 0.16174329450727298 0.01887602116455568
1 0.8179207132525699 0.3145333542919478 0.09541690755105307 0.022471453767328172
1 0.1965471933469315 0.3329599463811569 0.06981724942759986 0.017977163013862592
1 0.524106455244754 0.3347576626825431 0.09425328672725981 0.021572595616635083
1 0.7620669137104898 0.3383530952853156 0.18152484851175957 0.025168028219407574
1 0.2890550488385012 0.3527348256964058 0.26879641029625934 0.017977163013862523
0 0.4985067971213008 0.5778987924450338 0.5085022999976855 0.0458417656853495
0 0.4921068825904375 0.6232911290550369 0.5096659208214789 0.041347474931883926
1 0.8412687650819833 0.6581723150511202 0.11404647693998428 0.020664748884435084
1 0.22457300088799387 0.6744865904862002 0.21542112310885933 0.02283998560911229
1 0.20345328293614487 0.6984141944576515 0.17318168720516133 0.020664748884434942
1 0.5955760462421406 0.6978703852764823 0.28441220175156595 0.023927603971451106
