17:24:06	-f 012330fd-7c87-4236-8f4c-b39f3ea72968_pdf -c 0 0.3392857142857143 0.17142857142857146 0.30952380952380953 0.12698412698412698 1 0.32242063492063494 0.4380952380952381 0.26785714285714285 0.08888888888888889
17:24:28	-f 012330fd-7c87-4236-8f4c-b39f3ea72968_pdf -c 0 0.3392857142857143 0.17142857142857146 0.30952380952380953 0.12698412698412698 1 0.32242063492063494 0.4380952380952381 0.26785714285714285 0.08888888888888889
19:25:36	-f 896e0757-8379-42de-b33a-dec80b871099_pdf -c 0 0.330834 0.436236 0.277694 0.108673 1 0.331905 0.167295 0.329548 0.147412
19:32:33	-f 012330fd-7c87-4236-8f4c-b39f3ea72968_pdf -c 0 0.3392857142857143 0.17142857142857146 0.30952380952380953 0.12698412698412698 1 0.32242063492063494 0.4380952380952381 0.26785714285714285 0.08888888888888889
19:39:31	-f a0eeed5e-1d18-42ff-a347-878785830dc0_pdf -c 0 0.330834 0.436236 0.277694 0.108673 1 0.331905 0.167295 0.329548 0.147412
19:44:11	-f e489522a-893c-42df-9266-b722bab1746d_pdf -c 0 0.330834 0.436236 0.277694 0.108673 1 0.331905 0.167295 0.329548 0.147412
19:45:42	-f a27619ec-3246-488b-bda3-8c3746ac1646_pdf -c 0 0.330834 0.436236 0.277694 0.108673 1 0.331905 0.167295 0.329548 0.147412
19:52:37	-f 01e816c5-3a75-4efe-a45f-8f3569b8e78f_pdf -c 0 0.330834 0.436236 0.277694 0.108673 1 0.331905 0.167295 0.329548 0.147412
19:55:21	-f c8c65288-1029-439c-bfc1-319345ce853d_pdf -c 0 0.330834 0.436236 0.277694 0.108673 1 0.331905 0.167295 0.329548 0.147412
19:59:55	-f a0eeed5e-1d18-42ff-a347-878785830dc0_pdf -c 0 0.330834 0.436236 0.277694 0.108673 1 0.331905 0.167295 0.329548 0.147412
20:03:53	-f 6e67f455-9584-4b73-9768-debf96ffc3a8_pdf -c 0 0.330834 0.436236 0.277694 0.108673 1 0.331905 0.167295 0.329548 0.147412
20:08:39	-f 87c970de-2aa9-415b-830c-7748c36ce693_pdf -c 2 0.504706 0.387273 0.295294 0.0545455 1 0.498235 0.655455 0.289412 0.0309091 0 0.492647 0.564091 0.33 0.0518182
20:17:12	-f 89594a33-00f2-453a-ba3a-a65266cb4a61_pdf -c 2 0.504706 0.387273 0.295294 0.0545455 1 0.498235 0.655455 0.289412 0.0309091 0 0.492647 0.564091 0.33 0.0518182
20:58:46	-f a0eeed5e-1d18-42ff-a347-878785830dc0_pdf -c 0 0.330834 0.436236 0.277694 0.108673 1 0.331905 0.167295 0.329548 0.147412
21:00:03	-f 2c74a98e-ac91-4c30-bc39-2b674bff4bf9_pdf -c 0 0.492647 0.564091 0.33 0.0518182 1 0.498235 0.655455 0.289412 0.0309091 2 0.504706 0.387273 0.295294 0.0545455
21:01:43	-f 64e61fdf-3492-4245-94f5-ffd514fd44d1_pdf -c 2 0.504706 0.387273 0.295294 0.0545455 0 0.492647 0.564091 0.33 0.0518182 1 0.498235 0.655455 0.289412 0.0309091
21:09:09	-f 9db0a9fe-9b6d-4a01-b1b3-6486c28e0e0e_pdf -c 1 0.498235 0.655455 0.289412 0.0309091 0 0.492647 0.564091 0.33 0.0518182 2 0.504706 0.387273 0.295294 0.0545455
21:13:10	-f 0ec70aa8-bc66-4cc6-b49f-cc277ab8ad1a_pdf -c 1 0.492647 0.564091 0.33 0.0518182 3 0.504706 0.387273 0.295294 0.0545455 2 0.498235 0.655455 0.289412 0.0309091
21:18:51	-f 4a50e4c2-e066-421b-a6b0-5a829c7cfb0e_pdf -c 3 0.504706 0.387273 0.295294 0.0545455 1 0.492647 0.564091 0.33 0.0518182 2 0.498235 0.655455 0.289412 0.0309091
21:42:03	-f fcfb054a-7293-404f-9a6d-12458500a2a0_pdf -c 1 0.492647 0.564091 0.33 0.0518182 3 0.504706 0.387273 0.295294 0.0545455 2 0.498235 0.655455 0.289412 0.0309091
21:44:36	-f 42f9e239-3f28-44fe-ae3d-935945a30635_pdf -c 3 0.504706 0.387273 0.295294 0.0545455 1 0.492647 0.564091 0.33 0.0518182 2 0.498235 0.655455 0.289412 0.0309091
21:46:44	-f eac894d0-ec6e-48e0-a4cd-cb7172bab0a2_pdf -c 1 0.492647 0.564091 0.33 0.0518182 3 0.504706 0.387273 0.295294 0.0545455 2 0.498235 0.655455 0.289412 0.0309091
21:48:12	-f 170d59b4-85e1-43c1-8628-30b8f64dfe90_pdf -c 3 0.504706 0.387273 0.295294 0.0545455 1 0.492647 0.564091 0.33 0.0518182 2 0.498235 0.655455 0.289412 0.0309091
21:58:55	-f dbc25700-4288-4745-9364-8d1b019f6ff5_pdf -c 3 0.504706 0.387273 0.295294 0.0545455 2 0.498235 0.655455 0.289412 0.0309091 1 0.492647 0.564091 0.33 0.0518182
22:00:46	-f 918bfa55-3745-48a0-b3ab-f2e840d1658b_pdf -c 1 0.492647 0.564091 0.33 0.0518182 3 0.504706 0.387273 0.295294 0.0545455 2 0.498235 0.655455 0.289412 0.0309091
22:03:22	-f 0e402028-ab11-4a9b-8421-47d98e93253f_pdf -c 3 0.504706 0.387273 0.295294 0.0545455 2 0.498235 0.655455 0.289412 0.0309091 1 0.492647 0.564091 0.33 0.0518182
22:15:17	-f a32ee243-3130-4ffc-a7b5-3e8760bc36a3_pdf -c 1 0.492647 0.564091 0.33 0.0518182 3 0.504706 0.387273 0.295294 0.0545455 2 0.498235 0.655455 0.289412 0.0309091
22:17:50	-f 79a60a54-363f-4360-8e82-c09b4efa07fc_pdf -c 3 0.504706 0.387273 0.295294 0.0545455 1 0.492647 0.564091 0.33 0.0518182 2 0.498235 0.655455 0.289412 0.0309091
22:19:43	-f c1a66ed3-e69b-462a-8bd3-44c9c9e51283_pdf -c 3 0.504706 0.387273 0.295294 0.0545455 1 0.492647 0.564091 0.33 0.0518182 2 0.498235 0.655455 0.289412 0.0309091
22:32:20	-f c883ddc4-aa2a-4196-8c1b-6a7bc45d2ac7_pdf -c 3 0.504706 0.387273 0.295294 0.0545455 1 0.492647 0.564091 0.33 0.0518182 2 0.498235 0.655455 0.289412 0.0309091
17:46:23	-f 4e0121e2-069a-47b7-985a-dde6c114b77f_pdf -c 0 0.492647 0.564091 0.33 0.0518182 1 0.498235 0.655455 0.289412 0.0309091 2 0.504706 0.387273 0.295294 0.0545455
17:51:17	-f a2d092fd-fc12-4055-ba71-84001140e7c2_pdf -c 1 0.492647 0.564091 0.33 0.0518182 3 0.504706 0.387273 0.295294 0.0545455 2 0.498235 0.655455 0.289412 0.0309091
17:52:15	-f 8ae5a247-f797-414a-86b7-c091cd1e9dd8_pdf -c 1 0.492647 0.564091 0.33 0.0518182 3 0.504706 0.387273 0.295294 0.0545455 2 0.498235 0.655455 0.289412 0.0309091
18:12:27	-f 46249ba1-c494-440a-8bd5-0b734f388e4f_pdf -c 3 0.504706 0.387273 0.295294 0.0545455 1 0.492647 0.564091 0.33 0.0518182 2 0.498235 0.655455 0.289412 0.0309091
18:14:11	-f 240f0ddd-fc54-4a27-b50e-d89028ec78bd_pdf -c 1 0.492647 0.564091 0.33 0.0518182 3 0.504706 0.387273 0.295294 0.0545455 2 0.498235 0.655455 0.289412 0.0309091
